json/gfs.json
{"header": {"lo1": 0.0, "lo2": 359.0, "la1": 90.0, "la2": -90.0, "nx": 360, "ny": 181, "dx": 1.0, "dy": 1.0, "parameterCategory": 2, "parameterNumber": 3, "refTime": "2023-12-10T06:00:00.000Z", "forecastTime": 0}, "data":
[rows 33 to 65 of 181, columns 0 to 73 of 360]
1.442,-1.688,-2.668,-3.628,-2.968,-2.448,-1.078,-0.278,0.442,0.052,1.642,2.892,2.032,0.182,1.072,0.342,-0.018,3.022,3.642,3.302,3.722,3.842,0.152,1.482,2.812,2.002,2.112,1.982,2.542,2.162,2.832,2.742,3.182,2.292,2.132,1.902,1.772,1.932,2.652,2.152,2.482,2.072,1.982,3.122,1.462,1.352,0.712,0.662,0.462,0.882,-0.228,0.052,-0.338,-0.618,-1.238,-1.248,-0.548,-1.398,-0.668,-0.468,-0.588,-2.528,-2.518,-2.908,-2.488,-2.328,-2.378,-2.188,-2.158,-2.228,-2.318,-1.998,-2.118,-1.508
-1.808,-3.928,-4.978,-4.898,-3.868,-2.288,-0.538,0.232,1.562,2.222,3.742,4.952,4.322,1.612,1.212,2.052,3.552,4.812,3.992,3.892,4.672,1.612,1.612,2.112,2.322,2.782,2.282,2.682,2.712,3.102,2.522,2.372,1.722,1.582,1.832,1.772,2.712,2.702,2.222,2.022,2.112,2.142,1.702,2.052,1.912,1.492,1.112,0.862,0.172,-0.428,-0.108,-0.638,-0.408,-0.898,-1.538,-1.758,-1.258,-0.208,-0.258,-0.618,-0.378,-2.318,-2.488,-2.958,-2.718,-2.778,-2.728,-2.418,-2.608,-2.588,-2.668,-2.298,-1.858,-1.178
-4.228,-7.628,-5.288,-5.478,-5.708,-4.228,1.442,3.242,6.702,2.142,6.762,7.592,5.232,7.552,6.872,7.252,5.812,3.872,5.602,7.312,5.362,2.892,2.032,3.192,3.562,3.932,3.382,4.472,3.422,2.772,2.612,2.552,1.852,1.072,0.922,1.332,1.652,1.862,2.692,3.002,2.242,2.382,2.142,1.942,1.892,2.152,1.092,0.632,-0.308,-1.028,-0.148,-0.838,-0.538,-0.628,-1.018,-1.608,-0.868,-0.608,-0.018,-0.518,-0.698,-2.178,-2.878,-2.698,-2.988,-2.478,-2.238,-2.258,-2.228,-1.958,-1.828,-1.468,-1.328,-0.918
-1.678,-3.868,-6.108,-3.538,-1.728,-4.348,-7.398,3.092,10.282,6.552,5.592,4.852,4.222,3.972,5.532,4.582,4.172,3.932,3.672,3.752,3.072,3.752,3.302,2.582,3.032,3.692,3.762,4.182,3.292,2.632,2.702,2.362,1.472,0.762,1.172,1.472,2.052,2.692,3.092,3.332,3.172,2.552,2.522,2.532,2.212,2.252,1.492,1.042,-1.158,-0.458,-0.228,-0.838,-0.508,-1.638,-1.058,-1.698,-1.698,0.352,0.262,-0.648,-0.798,-1.558,-2.668,-2.988,-2.818,-2.408,-1.968,-1.768,-1.458,-0.918,-0.998,-1.048,-0.998,-0.708
0.302,0.312,-1.028,-2.868,-3.358,-3.938,-0.268,3.162,7.612,7.592,4.652,3.452,2.912,3.662,4.142,3.982,2.672,3.752,4.622,5.422,3.082,2.542,2.442,2.692,2.742,3.572,3.452,2.922,2.792,2.842,2.322,1.182,1.412,0.942,0.852,2.272,2.692,3.122,3.142,3.082,2.172,2.412,2.662,2.662,2.322,1.852,1.362,-0.068,-0.788,-1.478,-1.328,-1.258,-0.868,-0.788,-1.148,-1.418,-0.958,-0.178,-0.038,-0.798,-1.558,-1.508,-1.658,-1.618,-1.938,-1.028,-1.148,-0.078,-0.288,-0.468,-1.808,-1.238,-1.418,-1.528
1.962,1.292,-0.098,0.862,1.532,1.422,2.322,3.492,5.292,5.322,5.502,2.772,4.172,2.942,1.722,2.852,3.522,5.462,5.142,5.482,3.222,2.802,2.472,2.172,2.832,2.692,3.562,3.452,2.352,2.322,1.572,1.242,0.622,0.762,1.392,1.572,2.342,2.232,2.542,2.412,2.902,2.722,2.562,1.902,2.072,1.172,-0.308,-1.018,-1.748,-0.808,-0.678,-0.368,-1.008,-0.448,0.482,-0.068,-0.028,0.152,-0.578,-0.948,-1.228,-1.888,-2.118,-2.268,-2.428,-1.428,-1.648,-1.628,-2.078,-1.868,-1.698,-1.698,-1.708,-1.108
2.092,1.972,2.782,1.652,1.532,2.302,3.602,2.072,2.482,4.442,4.192,4.392,3.282,3.552,1.522,5.552,3.042,4.512,7.572,3.852,2.082,1.092,5.552,4.162,3.422,3.762,3.222,2.972,3.252,2.782,1.082,0.772,0.382,0.192,0.802,1.132,1.252,1.342,1.522,1.132,1.672,2.212,1.862,1.812,1.132,0.362,-0.978,-0.398,-0.118,0.012,-0.268,-0.828,-0.608,0.792,0.772,0.062,0.632,0.252,-0.068,-0.328,-0.458,-2.408,-3.158,-3.378,-3.558,-2.738,-2.388,-2.558,-2.418,-2.678,-2.228,-1.828,-0.888,-0.078
4.022,4.492,1.902,2.642,2.472,1.572,1.172,3.102,2.602,3.432,3.562,2.202,1.752,0.122,0.702,-0.058,4.392,2.312,6.382,1.152,0.382,2.402,7.972,2.722,2.372,4.622,5.382,3.912,2.982,2.092,1.042,0.172,-0.458,-0.378,0.632,0.882,1.142,1.222,0.842,0.842,2.012,1.902,1.512,1.282,1.172,-0.348,-1.018,-0.808,-1.038,-1.098,-0.948,-0.688,-0.748,-0.168,-0.278,0.222,0.492,0.822,0.382,-0.168,-1.268,-1.858,-2.858,-2.578,-3.288,-2.788,-2.438,-1.458,-2.218,-2.408,-2.028,-1.398,-0.998,-0.328
3.922,3.472,3.332,3.482,3.632,3.222,3.002,3.792,3.842,2.302,1.562,0.672,0.302,0.482,-0.378,-1.328,0.772,4.732,2.992,2.052,1.132,1.612,2.702,3.532,1.512,3.752,4.732,3.392,3.212,1.552,0.292,-0.908,-0.638,-0.028,-0.788,-0.428,-0.378,0.362,0.452,1.092,0.572,0.612,0.662,0.922,0.152,-0.958,-1.118,-1.488,-1.498,-1.418,-1.298,-1.048,-0.608,0.242,0.852,1.392,1.632,1.542,0.942,0.002,-1.418,-2.098,-3.198,-3.088,-3.028,-2.918,-2.788,-0.418,-1.418,-2.448,-2.508,-1.968,-1.988,-1.438
3.572,3.362,3.382,3.192,2.312,2.072,1.872,1.152,1.932,1.502,3.212,1.692,0.152,0.562,0.692,-1.758,-3.468,2.072,2.622,0.532,0.892,1.442,2.782,0.612,0.302,1.832,2.892,3.442,2.572,1.922,-0.248,-1.078,-2.078,-2.238,-1.678,-0.828,-0.058,0.932,0.342,-0.318,0.112,0.132,-0.348,-0.558,-0.598,-1.478,-1.218,-1.338,-1.028,-0.798,-0.918,-0.808,0.122,1.592,2.112,2.622,2.052,1.272,1.142,-0.388,-0.938,-2.448,-2.518,-3.308,-2.918,-3.258,-0.468,-0.798,-1.518,-2.718,-2.618,-2.418,-2.138,-3.118
3.452,4.132,3.362,1.722,0.902,3.692,3.882,2.542,3.152,-1.398,-2.458,-1.688,-3.728,-4.098,-0.728,0.922,1.422,2.912,3.302,3.902,3.582,3.242,1.092,0.852,0.192,-1.218,0.502,2.012,3.842,1.032,-1.638,-2.158,-2.628,-2.798,-1.668,-1.188,-1.178,-1.828,-1.658,-0.778,-0.528,-0.308,-0.098,-0.248,-0.958,-1.438,-1.258,-1.428,-1.698,-1.638,-1.178,0.152,0.672,0.822,1.482,1.272,1.852,0.892,0.402,-0.518,-2.468,-3.078,-2.858,-2.658,-1.968,-0.938,-0.768,-1.988,-2.668,-3.198,-3.398,-3.618,-2.928,-2.838
3.532,2.522,2.122,1.982,1.742,2.992,1.422,-0.728,-2.438,-2.548,-3.178,-1.248,-1.158,0.062,0.352,-0.838,1.022,3.922,2.272,3.212,2.382,3.212,0.212,-0.618,0.642,-0.628,-1.438,1.902,2.092,0.732,-2.508,-5.148,-5.018,-4.228,-2.818,-3.088,-3.378,-1.448,-0.478,-0.218,-0.098,-0.108,-0.018,0.252,-1.168,-1.218,-0.578,-0.078,0.052,2.022,3.192,4.532,4.232,1.842,1.402,1.452,1.492,0.612,0.302,-0.888,-1.308,-2.098,-1.838,-1.838,-1.328,-1.848,-1.878,-2.188,-2.578,-2.568,-2.178,-2.508,-2.658,-2.708
2.082,1.332,0.682,0.902,1.162,-1.308,-2.168,1.232,0.442,1.592,-2.318,0.162,0.252,-3.188,-2.398,0.452,2.122,1.042,1.292,1.292,2.072,4.232,1.142,-0.068,-0.198,-0.538,0.102,2.852,1.512,-1.518,-5.178,-5.968,-5.848,-6.698,-1.988,-2.508,-4.758,-1.978,-0.818,-0.068,-0.578,0.422,1.612,0.122,-1.988,-2.668,-2.058,-0.808,0.562,1.922,2.912,2.712,2.192,2.502,3.162,3.862,2.412,2.642,1.342,0.002,-0.458,-1.398,-1.868,-2.128,-2.428,-2.988,-3.198,-1.738,-0.738,-1.008,-1.228,-1.148,-1.778,-1.678
1.192,0.712,-0.448,-1.298,-0.938,-1.638,-2.138,-3.818,-1.488,-6.358,-0.508,-1.708,0.232,-8.488,4.842,7.302,-1.408,3.962,1.852,2.112,0.882,2.222,0.042,0.142,0.532,0.662,0.152,1.892,1.112,-1.948,-3.918,-5.528,-5.688,-6.018,-0.648,-8.098,-2.858,3.372,5.132,11.172,2.912,-1.138,-1.338,0.222,-2.558,-1.308,-2.208,-1.998,-1.738,0.282,2.392,1.632,2.892,4.562,3.182,3.472,2.572,2.512,1.712,1.412,0.802,-0.988,-1.938,-2.698,-3.458,-4.738,-3.838,-4.368,-2.468,1.542,-0.948,-1.568,-2.258,-1.798
4.902,2.772,1.412,-4.278,-4.288,-6.048,-6.368,-5.968,-5.288,4.672,-2.918,-2.018,1.122,2.552,5.622,9.222,8.962,8.302,1.422,1.852,1.062,2.142,1.762,1.062,1.782,0.102,1.342,1.972,1.312,-1.158,-2.548,-3.758,-2.898,-2.198,-1.358,-4.148,-0.458,-0.858,11.802,4.782,5.902,0.442,-0.178,2.612,-0.278,-1.078,-0.708,-1.218,-3.738,0.282,6.242,7.142,3.642,2.462,2.822,4.002,2.482,-0.368,0.122,-0.678,-1.078,-1.638,-1.958,-1.498,-1.848,-2.108,-2.048,-0.698,-0.508,-4.948,-0.718,-0.288,-1.668,-0.518
-1.198,-1.188,-2.118,0.222,-11.648,-12.218,-11.288,-8.688,-4.548,-0.428,-1.308,-2.088,-2.168,1.532,2.042,2.852,4.852,9.272,7.492,0.762,1.242,0.232,1.362,1.792,1.832,0.222,1.722,2.472,1.662,1.082,0.462,0.002,2.022,4.842,0.982,-3.868,-3.098,3.032,6.222,-0.058,3.552,3.492,-0.508,0.082,-0.268,-0.268,-0.228,6.242,-4.248,-6.588,6.982,8.092,8.072,1.352,4.032,2.412,0.622,1.452,-0.478,-0.378,0.062,-1.828,-0.378,0.292,-1.558,-1.978,-2.308,-1.528,-2.768,-1.618,1.672,1.102,1.552,0.162
1.752,-2.688,-2.068,2.032,1.292,-7.838,-7.318,-7.588,-6.268,-0.738,-5.348,-3.908,-1.678,2.552,-1.378,2.962,4.122,5.262,6.292,4.642,-0.118,1.252,-0.928,0.002,-0.418,-0.748,-0.298,0.292,-0.618,-0.188,0.912,0.902,1.232,1.032,0.872,1.532,4.652,3.252,-1.048,2.352,3.452,0.892,2.442,4.662,4.992,1.392,-2.078,-2.398,-0.338,-0.858,1.772,10.552,7.282,3.032,3.532,1.932,1.682,0.032,0.722,0.452,-0.418,-0.298,-0.948,-0.048,-1.148,-2.938,-1.388,0.432,-0.748,-1.198,-0.858,0.292,-1.788,-0.828
-0.668,3.062,0.552,1.472,-0.398,-2.378,-4.768,-7.178,-7.958,-2.438,-2.118,-4.088,-1.068,1.512,5.212,3.022,2.032,5.932,4.002,4.402,-0.998,1.262,0.102,1.932,1.402,-0.558,0.072,0.482,-0.658,0.942,1.482,1.282,1.732,1.592,3.062,3.302,3.522,2.972,3.442,2.982,1.902,1.302,1.062,4.322,-0.468,2.862,2.092,0.952,-0.388,-0.688,3.692,7.922,7.332,3.612,0.962,3.292,0.602,1.292,1.442,1.042,0.532,0.392,-0.098,-1.558,-4.188,-0.548,1.142,-0.768,-1.928,-1.368,-2.728,-2.278,1.802,4.902
0.762,-0.168,-0.738,-0.038,-0.648,-0.858,-1.478,-2.918,-3.688,-0.248,-2.528,-3.248,-1.668,0.502,4.132,2.042,-0.658,0.592,2.912,4.432,1.312,0.542,0.802,-0.438,-0.218,-3.688,-1.028,-0.758,0.332,0.412,0.972,0.972,0.652,-0.158,1.882,2.342,1.192,2.152,1.592,0.312,0.972,1.502,4.142,1.852,2.762,2.862,-1.258,2.842,4.082,-3.088,-2.058,5.062,5.382,4.552,0.362,-2.028,0.742,2.422,2.622,1.892,1.642,-0.038,-0.048,-1.028,-1.508,-1.588,-1.708,-0.388,2.752,1.342,-1.048,0.762,3.452,2.512
1.732,3.682,2.532,1.212,2.322,1.882,1.282,-1.288,-2.428,-4.538,-3.488,-5.158,-1.348,3.212,3.402,0.892,-1.678,0.162,0.192,2.882,1.772,-0.328,0.282,1.522,-1.538,-3.698,-0.508,-0.658,1.362,-0.298,-0.088,2.642,1.132,0.412,0.542,1.792,0.312,1.682,1.492,1.172,1.462,-0.558,0.922,2.502,2.532,0.752,-0.108,2.922,4.222,-2.068,1.962,4.542,5.262,3.502,2.602,1.232,1.972,2.982,0.532,2.522,2.112,2.742,3.432,3.962,1.172,-0.878,-0.368,-0.828,-1.918,-1.268,-0.638,0.992,-0.098,1.832
3.692,4.902,2.302,2.922,5.162,3.432,3.032,3.852,1.452,-1.078,-3.138,-5.388,-5.698,-5.088,-2.588,-0.178,-2.888,-3.328,-2.208,0.232,-2.008,2.062,-1.478,-0.288,-4.068,-2.658,-3.008,-0.718,-0.918,0.422,1.352,-1.898,2.282,0.702,-0.488,-2.498,-0.198,0.602,0.982,1.222,1.012,-0.018,0.332,0.502,0.742,1.192,3.532,7.962,2.032,1.912,4.062,1.652,2.942,1.502,-0.568,0.212,1.162,0.522,1.912,0.542,-0.168,4.582,5.272,4.282,3.892,2.572,-0.048,-3.778,-0.658,-1.588,-1.728,0.452,1.392,0.012
3.772,1.332,0.382,0.102,-2.888,-0.078,0.912,0.372,0.872,1.802,-5.538,-7.208,-10.128,-6.138,-3.038,-3.558,-5.878,-5.318,-4.238,2.862,3.032,2.042,-0.508,-2.548,-0.948,-1.698,-1.758,-0.508,-0.648,-0.308,-2.038,-2.078,2.702,-1.318,0.552,2.552,2.212,1.512,1.132,1.222,1.652,-0.208,-1.158,0.002,2.192,1.302,4.952,0.992,2.302,2.972,-0.088,-1.168,1.552,4.312,-0.658,1.132,1.752,1.332,-0.848,-0.628,-0.218,2.582,4.632,1.482,-0.168,0.162,1.272,1.222,3.442,-0.288,0.942,0.082,-3.528,-1.078
1.962,1.362,-0.788,1.782,-2.498,-3.088,-0.928,-3.908,-5.128,-1.528,-6.628,-7.318,-11.038,-8.168,-6.358,-7.618,-7.868,-8.498,-3.008,2.622,1.512,-0.048,-0.798,-0.148,-0.518,-2.318,-1.598,-0.748,1.052,1.662,0.972,0.762,1.402,1.082,-0.428,1.092,0.302,3.762,4.882,2.582,0.972,-0.508,-1.128,-1.538,1.102,0.842,1.832,2.182,3.672,2.112,-0.768,-0.208,0.932,1.692,-0.298,0.612,1.092,2.312,1.232,1.032,0.992,1.772,2.042,-0.188,-1.398,2.122,1.402,1.432,1.302,0.612,1.252,1.362,-1.258,-3.798
0.372,-0.968,-6.008,-1.008,-0.448,-1.088,-1.588,1.532,-0.108,-1.078,-0.648,-10.178,-9.808,-10.138,-9.178,-10.228,-9.868,-9.378,-2.588,0.572,0.892,1.172,3.202,1.442,1.952,1.862,1.502,0.762,1.172,0.282,1.072,0.942,0.602,-0.118,0.412,2.842,0.752,1.992,2.512,1.982,1.122,0.532,-0.958,-1.728,0.742,0.372,0.642,1.572,2.192,3.662,3.212,2.242,2.532,0.532,3.972,1.672,2.312,2.952,2.652,1.522,0.002,0.982,1.312,0.552,1.082,0.412,-0.928,-0.898,-0.848,0.422,-0.738,-2.358,-1.288,-1.428
-0.898,-2.918,-1.348,-1.698,-2.288,-1.828,0.232,-1.248,-1.338,-2.208,-3.518,-7.678,-9.578,-10.188,-10.568,-11.708,-11.818,-8.958,-1.848,1.752,3.242,3.922,2.422,0.942,1.052,4.282,3.262,4.532,3.642,2.972,2.692,3.502,1.132,1.572,3.802,2.092,-2.328,0.262,1.372,1.372,0.802,-0.798,-1.198,-0.888,-0.728,-0.818,1.702,-0.838,0.002,0.202,1.472,0.342,1.172,1.022,0.922,1.372,1.822,-0.218,1.262,1.292,-1.478,-1.168,0.602,0.752,0.242,-0.298,-2.078,-1.348,0.192,-1.988,0.082,-0.468,-1.298,-2.848
-1.748,-3.178,-2.248,-2.138,-2.808,-2.588,-2.068,-1.778,-2.478,-3.578,-5.218,-6.588,-5.628,-7.548,-7.618,-9.208,-10.548,-6.678,-2.218,1.692,4.232,0.102,0.412,1.872,3.262,5.042,6.052,6.362,6.722,5.322,4.632,2.772,2.152,1.642,-0.378,0.102,0.442,-1.428,1.552,1.972,0.502,-0.408,-1.048,-1.228,-1.558,-0.788,-1.778,0.872,0.322,0.522,-0.808,1.542,0.912,1.432,0.262,2.082,0.802,-1.848,-0.378,0.652,0.212,-0.188,0.772,1.692,1.542,0.702,0.972,0.642,-0.908,0.752,-0.818,-0.458,-1.938,-0.888
-2.088,-2.568,-3.158,-2.868,-3.358,-2.838,-1.888,-2.268,-3.388,-4.778,-5.388,-7.708,-6.258,-8.388,-8.428,-5.848,-0.668,0.362,0.012,-2.008,2.532,0.582,-0.758,-1.018,2.622,3.292,3.512,3.472,3.802,4.732,1.592,1.002,0.672,0.852,-0.208,-0.468,2.232,1.092,0.912,2.232,1.632,-0.788,-1.678,-1.288,-1.208,-1.818,-2.788,-1.648,1.822,2.522,-0.328,-0.138,0.512,0.422,0.602,-0.118,0.612,0.342,-2.838,0.682,0.522,4.112,-0.248,1.662,1.922,0.512,0.482,0.682,-1.918,-0.938,0.192,0.102,-1.428,-1.658
-2.848,-2.878,-2.508,-2.768,-3.318,-1.978,-2.708,-2.808,-2.558,-4.898,-6.088,-7.568,-8.238,-8.308,-8.698,-3.598,-2.578,-1.768,-0.668,0.412,1.872,0.822,1.022,1.742,2.742,2.742,2.482,0.342,1.752,2.512,1.292,-1.498,0.032,0.722,0.742,-3.048,1.512,1.562,1.812,1.942,-0.468,0.012,-0.528,-0.248,-0.708,-1.108,-1.868,-1.008,3.672,1.532,-1.358,-0.828,-0.178,-0.178,-0.008,0.282,-1.448,-0.118,-2.258,-0.198,0.692,0.682,0.202,0.802,-0.298,-1.288,-0.678,-0.658,1.372,-1.148,-0.188,0.232,-0.578,-1.008
-2.858,-1.728,-2.608,-2.818,-2.768,-2.508,-2.398,-1.338,-2.168,-3.608,-7.428,-8.378,-8.938,-10.458,-9.528,-3.828,-2.718,-1.748,-1.148,2.932,0.282,-0.068,0.412,0.212,3.322,2.712,1.752,2.392,2.882,1.502,-1.008,0.972,-1.468,-1.708,0.982,1.062,-0.468,1.592,1.972,2.832,3.902,1.062,1.582,0.922,0.212,-0.738,-0.978,1.312,0.982,1.592,-1.158,-1.848,-1.648,-2.288,-1.658,-0.638,-1.918,-0.848,-0.548,-2.838,1.482,0.442,-0.728,-0.218,0.662,-1.968,-2.758,0.012,-0.108,-0.758,0.052,-0.958,-0.458,0.282
-2.418,-2.718,-2.628,-2.828,-3.178,-3.028,-2.818,-2.288,-3.508,-4.978,-6.018,-7.588,-7.488,-8.498,-8.708,-8.018,0.142,-0.728,0.152,1.252,-1.438,-2.658,0.652,1.322,2.972,2.662,2.412,2.662,2.042,1.632,-0.168,0.042,1.322,0.332,0.452,-3.268,2.922,2.932,1.362,1.802,1.662,1.672,1.092,0.702,-0.938,-0.098,1.862,0.712,1.352,1.292,-1.078,-2.568,-1.308,-0.498,-0.268,-0.358,-0.748,0.782,-1.198,1.392,1.272,0.892,-0.188,-1.818,1.022,-0.908,-2.498,0.442,0.642,-0.488,-0.348,-1.418,-0.508,0.342
-3.348,-2.978,-3.288,-2.928,-2.648,-1.958,-1.068,-1.298,-1.368,-3.738,-4.538,-4.048,-6.928,-6.708,-6.428,-3.988,-0.928,0.282,0.592,-0.318,-2.118,-3.288,0.542,3.022,2.872,2.452,2.812,3.492,1.412,1.602,0.662,0.272,1.142,-0.748,-3.298,-1.298,-0.968,-1.068,-0.298,1.332,1.072,3.692,2.492,2.172,2.462,2.642,2.312,1.942,1.722,1.212,-0.468,-2.978,-2.328,-3.358,-0.738,-0.778,0.372,-0.038,0.162,-0.418,-0.828,-1.538,-2.658,-1.488,-4.898,-3.218,-2.208,-0.488,1.172,0.432,0.432,-0.108,0.262,0.492
-2.998,-3.788,-3.918,-4.178,-3.488,0.872,-1.098,-1.458,-1.208,-1.428,-3.338,-3.998,-6.198,-6.308,-5.058,-1.318,0.662,0.132,-0.698,-1.448,-2.878,-3.308,0.602,2.942,2.262,2.732,3.842,3.542,1.822,1.612,0.552,0.082,-0.048,-0.798,-0.958,-1.948,-2.488,-0.268,-1.058,0.442,2.872,2.252,2.392,1.782,4.372,4.332,3.332,2.372,2.012,1.022,-0.508,-2.058,-2.088,-2.768,-1.848,-1.228,0.992,-1.368,-0.588,-0.398,-0.608,0.662,-0.968,-3.198,-2.808,-0.428,-0.258,0.532,-0.298,1.182,-0.468,-0.608,-0.148,0.032
-4.228,-5.628,-4.548,-2.758,-3.258,-3.758,0.242,-1.148,-3.698,-7.398,-4.538,-5.478,-4.048,-5.338,-1.138,-1.458,-0.988,-1.708,-1.628,-2.668,-1.758,-2.208,1.952,1.942,2.252,2.012,3.302,3.802,2.962,2.142,-1.178,-0.348,-0.588,-0.588,0.052,-2.278,-2.638,-1.948,-0.548,0.702,2.272,5.022,4.422,4.092,5.032,3.762,2.072,2.962,1.882,0.602,-0.668,-2.598,-2.488,-2.208,-1.598,-1.318,-0.968,-0.458,-0.718,-1.118,-2.188,-2.508,-1.788,-4.208,-0.888,1.812,0.442,0.462,-0.868,0.932,-0.378,-1.078,-1.718,-0.968
