json/gfs.json
{"header": {"lo1": 0.0, "lo2": 359.0, "la1": 90.0, "la2": -90.0, "nx": 360, "ny": 181, "dx": 1.0, "dy": 1.0, "parameterCategory": 2, "parameterNumber": 3, "refTime": "2023-12-10T06:00:00.000Z", "forecastTime": 0}, "data":
[rows 99 to 131 of 181, columns 148 to 221 of 360]
-1.738,-2.548,-4.168,-2.308,0.532,2.122,3.832,1.532,-0.058,-1.118,-2.598,-1.018,-0.698,-0.488,-4.218,-3.768,-3.618,-1.478,-1.808,-2.058,-0.768,-1.658,-1.698,-0.858,-0.798,-0.548,-0.418,-1.158,-1.948,-2.458,-2.688,-2.108,-2.388,-3.848,-8.858,-10.888,-9.618,-7.348,-5.788,-5.588,-6.448,-5.228,-3.778,-3.818,-4.888,-5.288,-4.838,-4.878,-4.868,-4.178,-3.288,-4.018,-3.598,-4.408,-4.908,-4.478,-3.968,-2.958,-2.378,-1.368,-1.578,-1.618,-1.538,-1.138,-0.688,-0.858,-1.168,-0.548,0.162,0.312,-0.768,-1.748,-0.178,1.342
2.972,2.372,-1.858,-0.638,3.372,3.462,1.652,-0.088,-1.968,-2.708,-4.078,-3.838,-2.008,-3.778,-4.728,-2.818,0.122,-0.258,-0.028,0.412,1.212,0.502,0.492,2.142,3.452,2.792,2.882,2.432,2.402,1.122,0.842,1.112,-0.538,-5.268,-8.658,-8.958,-8.448,-6.838,-5.158,-5.258,-4.088,-3.418,-4.108,-3.868,-3.348,-3.448,-3.758,-3.748,-3.188,-2.908,-2.558,-2.778,-3.998,-3.878,-3.758,-3.108,-3.718,-2.778,-2.608,-1.778,-1.128,-0.828,-1.968,-1.728,-1.378,-1.638,-1.418,-1.608,-1.778,-1.208,-1.368,-1.928,-2.158,-0.178
3.742,3.772,2.242,3.032,3.482,2.202,0.362,-1.478,-2.888,-4.118,-4.178,-5.038,-4.088,-5.628,-2.348,-1.028,-0.808,1.412,1.232,1.872,1.782,3.182,3.102,4.082,4.602,4.802,4.692,4.182,4.042,2.662,3.232,2.612,0.982,-2.348,-4.958,-5.388,-4.878,-5.128,-5.138,-4.488,-3.788,-4.018,-4.058,-3.338,-3.178,-3.118,-3.348,-3.048,-3.088,-2.228,-1.578,-1.258,-2.328,-3.288,-3.428,-2.188,-2.698,-2.788,-2.148,-2.048,-0.688,-1.088,0.042,-0.438,-0.768,0.492,0.062,-0.568,-0.188,-0.848,-1.428,-2.928,-3.078,-2.878
4.032,4.152,5.162,4.792,3.632,2.232,-0.628,-2.748,-3.958,-5.148,-5.658,-5.428,-4.518,-2.808,-3.408,-0.578,-0.108,1.502,3.882,4.052,4.452,4.362,4.812,4.892,4.052,4.052,3.552,3.642,4.382,4.042,2.902,3.062,1.812,-0.188,-1.368,-2.588,-4.058,-4.058,-4.108,-4.578,-5.358,-5.088,-4.148,-2.908,-2.928,-3.068,-2.888,-2.818,-2.358,-2.898,-2.618,-1.348,-1.848,-2.328,-3.058,-3.138,-2.918,-2.948,-2.128,-0.308,-1.148,-0.488,-0.258,-0.268,0.362,0.032,0.302,-0.528,-0.758,-1.458,-1.828,-3.038,-3.408,-3.398
7.102,7.362,6.632,5.952,5.462,3.012,0.012,-2.568,-4.658,-5.408,-6.098,-6.338,-4.768,-4.968,-2.858,-1.198,1.812,3.412,4.642,5.212,4.552,4.062,4.362,4.902,5.132,4.742,5.522,4.062,4.412,4.282,3.892,3.612,3.062,1.642,0.462,1.502,-1.468,-2.998,-1.918,-3.238,-4.478,-4.298,-3.108,-3.248,-2.658,-2.138,-1.758,-2.158,-2.438,-2.248,-1.678,-2.078,-1.748,-2.448,-2.638,-2.778,-3.328,-2.658,-2.248,-0.648,-1.128,-1.378,-0.488,-0.788,-0.208,0.162,1.052,0.402,-1.018,-2.258,-2.888,-2.668,-2.258,-2.698
8.332,9.162,9.752,9.692,7.572,3.452,-1.388,-4.038,-6.818,-7.058,-7.608,-6.908,-4.028,-4.008,-1.788,-0.168,-0.068,1.052,4.602,5.982,5.582,4.872,5.812,5.772,6.552,6.932,6.802,6.422,5.742,4.962,5.972,5.432,4.352,2.712,1.922,0.522,-3.608,1.732,0.492,-2.638,-4.388,-3.328,-1.608,-1.728,-1.568,-1.438,-0.958,-0.828,-1.038,-2.178,-2.568,-2.478,-2.168,-2.008,-1.868,-1.178,-1.638,-1.008,-1.368,-1.878,-1.238,-0.428,0.012,-0.218,0.842,1.782,1.762,2.172,1.822,-0.418,-1.308,-1.708,-2.828,-2.418
9.772,9.932,10.582,10.942,10.572,4.912,-5.168,-9.778,-9.348,-7.578,-7.878,-6.808,-4.788,-3.028,-0.558,1.182,2.382,1.072,1.032,4.992,7.682,6.292,5.982,6.672,7.022,8.542,8.672,8.762,5.672,7.322,5.062,4.082,6.792,6.292,4.392,2.982,-0.098,-2.938,-6.108,-6.538,-3.138,0.072,-0.148,1.512,0.192,-0.438,0.362,-0.868,-1.458,-1.098,-2.658,-2.448,-2.398,-2.228,-1.348,-0.728,-1.198,-0.918,-0.548,0.162,-0.008,0.182,0.752,0.822,1.682,2.462,2.922,2.472,2.172,2.172,2.622,0.072,-0.598,-1.178
9.152,10.402,11.572,14.022,13.382,9.052,-14.668,-16.068,-10.918,-8.548,-7.448,-6.218,-3.108,-1.818,-0.828,0.952,1.622,2.932,4.302,0.232,4.382,6.432,6.852,7.142,7.702,8.212,8.602,8.882,10.192,5.352,9.392,8.772,8.822,7.312,5.902,4.312,2.862,-0.278,-3.168,-3.848,-0.528,1.732,2.542,2.752,-1.098,0.472,-1.658,-1.238,-0.648,-1.298,-2.348,-2.628,-2.278,-1.528,-0.648,0.002,0.082,0.112,-0.138,-0.158,0.442,0.602,0.672,1.162,2.012,2.802,3.282,2.982,1.662,1.632,1.912,1.632,1.022,-1.128
8.862,10.792,12.272,16.592,21.252,9.182,-14.968,-14.358,-10.528,-6.738,-5.338,-3.358,-1.538,0.272,1.872,2.102,3.132,4.002,3.952,4.972,5.222,6.182,6.552,6.762,7.082,8.042,8.682,9.492,9.722,11.122,8.432,9.322,9.712,8.592,8.192,6.842,4.802,1.262,-2.508,-6.788,-6.218,-3.448,-5.688,-1.468,-0.488,-0.878,-0.098,-1.748,-1.378,-1.598,-3.038,-2.848,-2.588,-1.888,-1.258,-0.488,0.152,1.242,1.632,1.772,2.442,2.222,1.762,2.212,2.702,3.172,2.452,2.722,2.932,2.362,2.592,3.342,2.202,1.552
8.652,10.272,11.182,14.532,21.002,24.792,5.762,-2.768,-4.598,-3.148,-2.588,-0.738,0.132,-0.248,-0.238,0.702,1.502,3.242,4.292,4.872,2.622,5.042,5.862,6.652,7.352,8.082,8.252,8.532,9.342,9.042,1.222,9.492,10.112,9.062,9.762,9.102,7.602,4.582,-1.538,-6.678,-10.248,-11.488,-8.728,-6.978,-2.358,-0.038,-0.528,-1.318,-1.048,-0.988,-1.878,-2.398,-2.878,-2.408,-1.238,-0.508,0.622,1.572,1.882,2.932,3.232,3.672,3.862,3.102,2.972,3.402,3.022,2.892,2.842,3.482,2.552,2.272,2.332,2.422
8.072,10.042,10.252,10.042,13.082,15.542,12.562,5.962,2.042,0.802,0.462,-0.538,0.732,1.092,1.302,1.462,2.932,4.422,4.662,4.782,5.942,5.302,6.582,6.572,7.622,8.192,7.552,8.142,8.652,7.482,7.992,8.582,9.192,8.932,9.582,8.792,8.552,7.312,0.832,-6.508,-9.388,-8.828,-6.988,-4.378,-2.348,0.022,-0.368,-1.168,-0.628,-1.648,-1.588,-2.368,-2.558,-2.428,-1.288,0.032,1.062,2.162,2.022,2.782,3.392,4.062,4.502,4.722,4.722,4.542,4.432,4.012,4.102,3.932,4.342,4.462,3.392,1.992
2.522,9.212,9.242,7.142,7.672,7.682,5.352,6.772,2.892,1.132,0.382,-0.148,0.912,0.602,0.212,-0.838,1.912,3.152,3.442,5.022,5.562,4.872,5.652,6.382,6.892,7.242,7.692,7.452,7.132,7.782,8.042,8.612,8.652,8.252,8.082,7.902,7.972,7.392,4.432,-5.428,-9.128,-7.478,-4.968,-3.898,-2.958,-0.958,-0.958,-0.938,-1.048,-0.748,-1.468,-1.638,-0.998,-0.918,-0.588,0.512,1.092,1.562,2.182,2.722,3.322,3.822,4.262,4.492,4.512,5.362,5.072,4.902,5.442,4.602,4.772,4.262,4.662,4.662
1.202,4.162,7.302,6.602,4.812,4.892,5.122,4.102,4.292,1.542,2.332,1.802,2.622,-0.058,1.092,3.162,6.342,-2.608,4.972,3.392,3.792,3.872,4.362,5.242,5.732,7.412,7.592,6.942,7.132,7.462,7.702,7.482,7.382,7.712,7.902,8.072,7.872,6.532,2.302,-3.248,-5.878,-3.548,-3.088,-2.798,-1.648,-1.978,-1.828,-1.218,-0.718,-0.328,-0.398,-0.388,0.282,0.532,0.722,1.162,1.922,2.302,2.092,2.742,2.832,3.192,4.052,4.522,4.782,4.842,5.262,5.842,5.582,5.812,5.782,5.082,5.492,5.862
-0.668,-0.838,4.632,6.732,4.992,3.092,2.332,3.032,1.992,1.392,1.692,1.712,2.042,2.902,2.552,4.272,5.582,7.512,0.622,3.272,5.272,5.612,5.822,6.852,6.862,6.192,6.752,8.182,7.932,8.322,7.672,8.822,9.022,7.322,6.842,6.642,6.222,5.152,-1.878,2.212,1.442,2.772,2.252,-2.318,-2.198,-2.878,-2.278,-1.428,-0.778,-0.288,-0.428,0.142,-0.048,0.592,0.722,1.102,1.472,1.612,2.242,3.012,2.802,2.832,2.832,4.272,5.262,5.662,5.432,6.072,6.682,7.472,7.392,7.002,6.642,7.062
0.912,1.302,2.032,5.232,4.872,3.042,2.562,1.672,1.452,1.342,1.322,1.142,1.492,3.252,3.482,4.352,4.432,2.992,1.312,3.142,3.932,4.392,5.372,7.082,7.872,6.202,6.522,7.882,7.922,7.772,7.362,8.392,7.952,6.652,6.052,6.462,6.112,2.062,-5.828,-5.448,-9.428,-6.958,-0.968,-3.248,-3.258,-3.158,-2.748,-1.328,-0.948,-0.378,-0.348,-0.318,-0.108,0.172,0.792,0.752,0.612,1.152,1.302,1.252,1.482,2.462,3.362,3.912,4.252,4.782,4.782,5.742,6.362,6.712,7.572,7.672,8.152,8.162
-1.828,-2.418,-3.288,-0.658,4.932,2.792,1.862,2.502,2.342,1.612,1.572,2.452,2.882,2.672,3.012,2.662,3.122,4.182,2.982,3.782,4.542,4.422,5.672,6.122,6.972,8.002,7.392,8.542,8.932,8.732,8.672,8.502,8.082,6.192,5.362,4.872,4.592,-0.608,-1.108,-3.228,-6.628,-7.628,-6.338,-2.968,-5.278,-4.388,-2.058,-1.248,-0.868,-0.478,-0.468,-0.728,-0.708,-0.168,0.382,0.322,0.362,0.192,0.622,1.202,2.112,2.602,2.302,2.272,2.862,3.282,3.802,4.312,5.382,5.762,6.432,7.222,7.472,7.702
-2.038,-2.228,-0.148,-0.178,0.402,3.342,3.202,2.152,1.002,0.662,1.242,1.722,2.022,2.712,2.932,2.902,2.972,3.722,3.702,3.892,4.482,4.412,4.942,6.172,6.952,8.192,8.762,8.502,8.642,9.772,9.452,8.922,8.782,6.662,4.742,4.382,4.312,-1.828,-1.948,2.942,2.672,-1.658,-0.868,-2.608,-7.658,-3.028,-2.028,-1.268,-0.578,-0.518,-0.108,-0.888,-1.048,-0.788,-0.528,-0.388,-0.128,-0.178,0.482,1.022,2.152,2.172,2.402,2.402,2.532,2.602,2.942,3.522,4.812,5.352,6.202,6.802,6.822,6.792
-1.988,-2.438,-3.238,-1.068,0.622,1.272,1.872,1.452,0.192,1.112,2.152,1.422,1.892,2.142,2.832,2.222,2.242,2.492,2.862,3.822,3.652,3.892,4.852,5.832,7.112,7.642,8.022,8.422,8.322,9.492,10.212,9.662,9.342,7.872,5.992,3.532,2.652,-1.708,-5.208,-2.648,2.202,3.642,-1.728,-4.758,-4.568,-2.718,-1.968,-1.228,-1.188,-0.998,-0.408,-0.248,-1.258,-1.478,-0.758,-0.628,-0.348,-0.818,-0.228,1.002,0.492,1.522,1.572,1.552,2.162,3.292,4.132,5.032,5.822,5.872,5.392,5.782,6.772,7.712
-5.368,-3.498,-3.298,-0.438,-0.028,0.282,1.062,0.452,0.762,1.422,1.492,1.602,1.492,1.092,1.962,2.192,2.182,2.512,3.452,3.722,3.422,4.262,4.762,5.372,5.962,6.942,7.702,8.212,8.542,9.342,9.832,10.172,10.282,9.302,7.012,2.522,0.872,-0.728,-5.028,-5.218,-2.898,-1.348,-5.008,-3.638,-2.978,-2.608,-2.438,-1.548,-1.638,-0.428,-0.878,-0.508,-0.788,-0.828,-0.598,-1.088,-1.388,-0.388,-0.488,-0.208,0.372,-0.088,0.782,2.122,3.792,4.542,4.722,3.722,5.652,6.322,6.842,7.362,8.232,9.012
-5.088,-4.428,-3.188,-2.678,-2.128,-1.238,0.142,-0.648,0.572,1.052,0.572,1.342,1.472,1.122,1.292,2.202,2.492,3.302,3.312,3.222,3.222,3.632,4.222,5.122,5.762,6.652,7.272,7.822,8.302,8.882,9.912,11.102,11.152,9.932,6.862,2.122,-0.698,-2.568,-7.028,-7.448,-8.008,-5.188,-4.158,-1.198,-2.068,-2.828,-2.728,-2.268,-1.868,-1.608,-1.418,-1.468,-1.548,-1.628,-1.908,-1.848,-1.588,-0.768,-0.208,0.382,0.702,0.832,2.002,2.012,3.242,3.382,4.292,4.882,5.202,6.842,7.982,7.992,8.792,9.882
-5.958,-4.808,-5.518,-2.258,-0.368,-0.438,-2.338,-1.298,-0.838,-0.288,0.512,0.232,0.672,1.642,1.512,2.142,2.492,2.712,2.922,3.092,4.082,4.052,3.892,4.782,5.422,6.392,6.772,7.392,7.942,8.272,8.692,10.872,11.722,11.202,7.772,2.752,-0.798,-2.598,-6.148,-5.708,-5.038,-3.998,-3.618,-2.758,-2.398,-3.078,-3.158,-2.928,-3.308,-2.008,-1.428,-2.598,-1.448,-1.538,-1.138,-2.028,-1.028,-0.778,-0.818,-0.458,0.552,1.392,1.822,2.502,3.182,3.832,4.282,5.472,5.832,6.622,7.502,8.582,7.892,9.792
-4.758,-5.258,-4.968,-3.218,-2.078,-0.868,-3.278,-2.728,-2.278,-1.118,-0.818,-0.018,0.612,1.562,1.402,1.182,0.882,1.652,2.632,2.252,3.152,4.172,4.882,4.952,5.522,6.412,7.242,7.272,8.002,8.412,8.402,9.182,11.932,10.522,8.442,4.202,1.262,-1.228,-4.658,-4.908,-3.998,-4.188,-3.978,-3.038,-2.748,-2.568,-2.658,-3.378,-2.918,-2.698,-1.968,-1.938,-2.188,-1.688,-2.338,-2.428,-2.408,-1.398,-0.928,0.052,-0.278,0.442,1.772,2.662,3.182,3.982,5.032,5.572,5.432,5.492,6.382,6.452,8.742,8.652
-4.248,-2.958,0.252,-0.418,-0.848,-3.948,-6.328,-3.938,-3.318,-2.078,-1.608,-1.278,-0.558,-0.598,-1.298,-0.808,0.342,1.552,1.822,2.492,3.142,3.352,3.672,3.622,4.062,4.922,5.772,6.982,7.672,7.732,8.032,7.872,9.842,10.362,8.392,5.982,2.372,1.662,-1.728,-3.398,-4.088,-3.808,-5.128,-3.398,-2.768,-2.318,-2.658,-3.598,-2.518,-2.558,-2.778,-2.018,-1.558,-1.238,-1.028,-0.318,-1.518,-0.898,-0.418,-0.058,0.762,0.872,1.072,2.072,2.992,4.002,4.412,5.002,5.262,6.962,6.782,8.222,8.292,8.922
-3.618,0.662,2.182,3.242,-1.118,-7.778,-5.818,-4.698,-4.098,-3.288,-3.338,-3.348,-2.358,-1.248,-0.828,-0.158,0.222,0.462,1.122,1.662,2.072,2.502,2.742,3.802,4.272,3.952,4.142,4.242,5.272,6.632,7.032,6.872,7.962,9.432,8.582,5.612,3.222,-1.068,-1.158,-2.838,-3.788,-5.098,-5.988,-5.158,-3.888,-3.558,-3.358,-3.748,-2.848,-1.818,-4.228,-2.968,-2.408,-2.238,-2.158,-2.658,-1.548,-1.558,-0.968,-0.108,0.442,0.722,1.342,2.402,2.802,3.272,4.382,4.852,5.972,6.262,6.832,8.242,8.072,10.812
-1.648,-6.758,0.172,1.252,-4.478,-7.308,-6.408,-6.148,-5.638,-4.768,-4.188,-2.208,-1.768,-1.068,-0.228,0.472,0.802,0.242,0.972,1.852,1.622,2.142,2.832,2.572,3.172,3.482,3.162,2.172,3.812,4.942,4.752,5.892,5.372,5.992,7.242,5.972,3.672,1.302,-0.068,-1.378,-5.048,-6.958,-6.818,-6.818,-4.978,-4.338,-3.718,-3.918,-3.078,-3.118,-2.838,-3.758,-3.628,-3.258,-2.598,-3.028,-2.428,-1.128,-1.278,-1.028,-0.438,-0.018,1.112,1.492,2.242,2.742,4.322,4.512,5.422,7.232,6.582,7.922,8.902,10.022
-4.818,1.082,-0.348,3.762,-6.448,-4.948,-4.458,-4.398,-3.658,-2.918,-2.068,-0.878,-0.278,-0.218,-0.248,0.032,0.722,1.262,1.152,0.762,1.102,2.122,2.852,3.322,3.442,3.892,1.542,0.442,-0.188,1.342,3.592,2.672,3.772,3.262,4.432,3.092,4.652,3.462,-1.608,-1.328,-2.578,-4.238,-4.958,-5.698,-5.778,-5.028,-4.528,-4.098,-3.848,-3.038,-3.348,-3.958,-4.708,-3.868,-3.358,-3.478,-3.588,-2.578,-2.258,-1.488,-1.518,-0.338,0.492,1.002,1.552,2.562,2.922,4.122,5.422,6.062,6.942,8.342,9.092,10.132
-2.278,-0.168,0.392,3.712,-3.068,-3.558,-3.608,-1.988,-1.348,-0.918,-1.208,-0.488,0.672,1.082,0.982,1.082,-0.268,-0.528,0.082,0.242,0.712,0.652,1.302,2.292,2.742,3.442,2.992,-4.278,-1.598,-0.588,-0.678,0.982,-0.388,0.682,0.132,2.112,0.622,1.552,0.642,-2.338,-4.818,-5.148,-5.618,-5.008,-5.618,-5.718,-5.138,-4.618,-4.818,-4.358,-4.378,-4.588,-4.708,-5.048,-4.538,-3.988,-4.458,-4.698,-3.278,-2.868,-1.368,-1.038,-0.478,0.302,1.442,1.172,2.302,3.942,2.992,5.352,5.452,6.992,8.932,9.272
-0.228,-1.908,-0.608,-3.418,-2.708,-1.748,-1.848,-2.008,-1.208,-1.618,-1.798,-0.608,0.312,1.022,2.672,4.072,4.282,3.792,3.282,2.092,1.162,0.332,0.442,0.802,1.682,1.072,0.052,1.622,-2.198,-1.258,-1.608,-4.078,-1.908,-3.428,-2.598,-2.708,-0.778,-1.418,-0.988,-1.718,-4.868,-5.488,-6.508,-6.828,-6.348,-6.618,-5.508,-5.518,-5.238,-4.618,-5.508,-4.578,-5.108,-5.178,-5.848,-4.738,-4.008,-5.958,-4.878,-3.618,-3.398,-3.038,-1.868,-0.768,-1.018,0.562,1.682,3.292,4.492,5.462,5.362,6.292,7.022,9.192
-0.228,-0.508,-3.788,-3.568,-4.078,-3.248,-1.688,-0.278,0.742,1.762,2.952,2.672,2.332,2.992,4.012,3.892,4.832,5.162,5.072,4.942,4.652,5.622,5.862,6.352,6.892,2.692,0.902,0.502,3.442,-1.448,-3.958,-4.638,-6.718,-5.408,-5.828,-5.178,-4.218,-2.928,-3.128,-3.248,-3.508,-6.228,-6.898,-6.828,-7.148,-7.158,-6.518,-5.328,-5.168,-4.898,-5.538,-5.808,-4.898,-4.378,-5.148,-5.108,-4.558,-5.948,-6.068,-4.408,-4.468,-3.708,-3.718,-2.308,-0.628,0.032,0.502,2.052,3.432,4.552,4.562,4.992,6.152,7.632
2.372,-0.868,-6.068,-5.228,-3.988,-3.688,-3.738,-3.258,-2.168,-1.228,-0.118,0.882,2.572,3.402,4.172,4.742,4.452,5.002,5.032,5.442,5.922,6.882,7.312,6.992,7.112,6.682,8.212,0.352,0.182,0.462,-0.358,-3.568,-7.228,-6.768,-6.218,-6.678,-6.468,-5.378,-4.098,-4.278,-5.128,-3.998,-7.428,-7.198,-7.138,-7.828,-7.808,-8.048,-6.968,-5.758,-5.608,-6.088,-5.108,-5.538,-6.038,-5.408,-6.198,-5.568,-5.468,-5.568,-5.148,-4.438,-5.168,-3.408,-2.788,-0.758,-0.788,1.262,2.812,3.362,3.812,5.532,5.692,6.082
1.682,-1.618,-2.748,-2.678,-2.058,-1.018,0.342,0.222,0.342,1.092,1.182,1.432,1.982,1.502,2.922,3.742,5.482,5.832,6.402,7.342,7.392,7.742,8.492,9.052,8.532,9.982,4.862,1.112,-0.068,4.252,8.242,4.642,0.462,-4.008,-4.758,-5.938,-6.978,-7.298,-5.928,-5.018,-5.798,-5.788,-4.848,-5.988,-6.438,-6.898,-7.638,-8.058,-7.758,-6.938,-7.358,-6.568,-6.268,-5.968,-5.648,-6.088,-5.908,-5.758,-5.378,-5.238,-5.668,-4.388,-4.198,-3.228,-2.338,-1.408,-0.058,0.742,1.532,2.982,3.702,4.642,5.632,5.912
0.662,1.432,0.592,-0.728,-1.648,-2.668,-2.738,-2.128,-1.228,-0.428,0.162,0.612,1.952,2.622,2.652,3.712,4.832,5.512,6.192,6.762,7.082,7.132,7.662,8.552,8.992,1.312,13.442,0.642,1.382,12.432,14.552,14.552,1.042,-2.058,-2.378,-5.518,-6.348,-7.758,-7.708,-6.228,-7.278,-7.188,-6.258,-6.838,-3.988,-5.078,-6.898,-7.858,-8.148,-9.228,-7.638,-7.658,-7.658,-6.708,-5.898,-4.938,-4.938,-5.548,-4.718,-4.868,-4.938,-4.808,-4.308,-3.028,-3.218,-1.258,-0.488,0.632,0.932,2.402,3.382,2.972,4.372,4.262
-1.238,-3.768,-3.038,-2.968,-3.048,-2.758,-2.308,-1.828,-1.638,0.372,0.842,1.922,1.632,2.372,3.262,4.272,4.152,5.192,6.272,6.482,6.922,7.292,7.152,8.332,6.982,-3.848,8.552,3.002,1.082,8.582,10.632,12.142,12.292,12.922,5.602,-2.138,-6.298,-6.858,-7.698,-8.608,-7.558,-7.948,-8.038,-7.608,-7.088,-6.158,-4.908,-4.228,-6.938,-8.178,-8.858,-9.078,-7.998,-8.828,-7.428,-6.118,-6.338,-6.358,-5.858,-5.648,-5.188,-5.698,-6.168,-5.468,-4.448,-3.638,-3.968,-2.528,-0.588,-0.048,1.422,2.622,3.872,3.102
