json/gfs.json
{"header": {"lo1": 0.0, "lo2": 359.0, "la1": 90.0, "la2": -90.0, "nx": 360, "ny": 181, "dx": 1.0, "dy": 1.0, "parameterCategory": 2, "parameterNumber": 2, "refTime": "2023-12-10T06:00:00.000Z", "forecastTime": 0}, "data":
[rows 99 to 131 of 181, columns 73 to 145 of 360]
-5.425,-5.265,-5.415,-5.285,-5.545,-4.965,-3.855,-4.515,-5.835,-6.525,-6.985,-6.915,-7.135,-7.665,-7.755,-7.795,-7.225,-6.255,-6.855,-5.625,-4.825,-6.895,-6.995,-7.225,-6.535,-6.105,-5.635,-6.055,-4.795,-5.255,-5.075,-3.415,-3.685,-3.865,-3.025,-2.465,-2.155,-1.565,-0.505,-0.965,-0.105,0.715,1.415,2.865,1.625,3.995,6.535,6.085,2.805,3.965,4.915,7.225,3.155,-0.025,2.295,1.885,2.235,2.435,2.725,3.185,3.135,1.305,1.005,-0.165,-0.165,-0.345,-2.825,-1.795,-2.595,-2.225,-3.065,-3.405,-1.205
-5.795,-5.525,-5.295,-6.225,-6.465,-5.595,-4.995,-5.205,-6.385,-6.745,-7.025,-7.135,-7.095,-7.845,-7.995,-7.555,-7.155,-6.355,-7.055,-6.565,-5.825,-5.435,-7.095,-7.245,-6.405,-6.105,-6.745,-5.905,-5.415,-5.165,-4.855,-4.685,-3.725,-2.495,-2.695,-1.875,-1.455,-1.255,-0.895,-0.515,-0.065,1.045,1.865,2.535,3.485,4.555,4.785,2.685,2.865,3.775,3.105,1.265,3.865,2.465,2.585,2.365,0.635,1.205,1.565,1.575,1.415,1.165,-1.305,-0.755,0.275,-1.305,-3.365,-4.205,-4.775,-5.915,-4.475,-3.005,-1.765
-5.805,-6.395,-7.205,-7.185,-6.725,-5.775,-5.435,-5.635,-6.105,-6.365,-7.045,-7.595,-7.885,-8.095,-8.125,-7.885,-7.155,-6.855,-5.935,-5.055,-6.155,-7.005,-6.485,-7.205,-6.155,-6.885,-5.745,-5.865,-5.625,-4.955,-3.815,-3.895,-3.275,-2.685,-2.205,-1.655,-1.395,-0.525,-0.795,-0.595,0.205,0.555,1.415,2.315,3.185,3.275,2.835,3.745,2.965,1.595,2.295,1.475,1.045,-0.005,0.475,-0.645,0.305,1.855,2.435,1.105,-0.015,0.295,0.855,-0.515,-0.805,-1.275,-3.905,-3.275,-1.685,-3.165,-4.795,-2.765,-1.555
-7.205,-7.375,-7.405,-6.805,-5.925,-5.255,-5.525,-5.395,-6.045,-6.735,-6.785,-7.495,-8.055,-7.855,-7.875,-7.905,-7.305,-6.885,-6.125,-5.645,-5.945,-6.895,-7.405,-7.135,-6.515,-5.845,-5.835,-5.425,-5.425,-4.835,-4.255,-3.305,-3.125,-1.865,-1.995,-0.835,-0.495,-1.075,-0.705,-0.635,0.335,1.125,1.385,2.415,2.685,2.245,2.125,1.915,1.095,0.365,0.105,0.815,-0.065,-1.485,-2.425,-1.995,-0.275,0.805,2.895,1.335,0.605,0.035,0.445,-0.815,-0.505,-0.665,-2.935,-2.355,3.065,2.905,-4.675,-3.275,-1.485
-7.935,-7.195,-7.465,-6.135,-6.675,-4.675,-4.835,-4.995,-5.925,-6.495,-6.905,-7.135,-7.205,-7.365,-7.535,-7.895,-7.245,-6.775,-5.895,-5.505,-6.165,-7.135,-6.925,-6.475,-6.065,-5.665,-5.725,-4.995,-4.575,-3.745,-3.525,-3.105,-1.945,-1.635,-1.115,-0.565,1.125,-0.945,-0.645,0.215,0.785,1.315,1.615,2.115,2.125,1.505,0.635,-0.525,-0.695,-1.335,-1.475,-3.605,-1.065,-1.055,-4.655,-3.465,-0.615,4.015,-0.835,-1.175,1.885,2.775,-1.425,-2.965,-3.915,-1.195,0.035,-2.035,3.715,3.825,-4.415,-3.335,-3.205
-6.805,-6.275,-7.185,-6.235,-5.395,-5.195,-5.155,-6.125,-6.215,-6.185,-7.085,-6.935,-7.375,-7.355,-7.105,-7.155,-7.445,-6.905,-5.695,-5.685,-5.095,-6.355,-6.235,-6.095,-5.165,-5.005,-4.935,-4.235,-3.625,-3.185,-2.455,-2.195,-1.755,-1.215,-0.715,0.155,1.155,-1.165,-0.145,0.345,0.805,1.525,0.815,0.745,1.175,-0.955,-1.365,-1.805,-2.185,-1.965,-1.335,-2.005,1.475,3.785,-3.085,-3.755,1.185,-2.805,-2.695,-0.465,2.315,-1.355,1.285,-5.365,-2.705,-0.165,0.245,-1.805,4.765,4.325,-0.985,-7.225,-8.015
-6.875,-6.315,-6.135,-6.015,-5.555,-5.315,-5.345,-6.435,-7.115,-6.815,-6.675,-6.815,-7.535,-7.705,-8.025,-7.325,-7.105,-6.435,-5.805,-4.935,-5.475,-5.995,-6.395,-5.585,-5.255,-4.955,-4.115,-3.585,-2.405,-2.065,-2.235,-1.485,-1.195,-0.375,0.025,0.435,1.755,-0.745,-0.015,-0.055,1.485,1.115,-1.195,-2.235,-4.345,-4.725,-4.295,-3.145,-1.865,-2.145,-2.355,0.205,-3.065,-3.125,-4.165,-1.935,-3.085,1.015,-2.215,-0.325,2.385,-2.595,-1.535,-5.305,-0.765,0.225,0.035,-0.015,4.455,4.285,-0.895,-1.575,-4.715
-6.315,-5.935,-5.875,-6.025,-5.685,-4.935,-5.975,-6.205,-6.935,-7.035,-6.825,-7.095,-7.855,-7.715,-7.355,-6.715,-6.425,-5.545,-5.465,-5.335,-4.635,-5.295,-5.725,-5.915,-4.905,-4.875,-3.555,-2.925,-1.945,-1.405,-1.635,-1.295,-0.605,0.205,1.195,1.095,1.595,-0.395,-0.145,-0.975,1.645,-0.515,-2.815,-6.795,-5.765,-7.955,-7.455,-4.635,-2.685,-2.835,-2.255,-4.215,-3.065,-2.705,-1.955,0.115,0.905,0.575,-0.545,-1.265,2.545,-1.465,-2.965,-4.355,-1.495,-0.825,1.105,1.265,6.615,2.805,-0.585,-0.545,-5.155
-5.505,-5.755,-5.895,-5.455,-5.245,-4.795,-5.385,-5.905,-6.535,-6.725,-7.125,-7.545,-7.075,-7.075,-6.505,-6.055,-5.425,-4.485,-4.665,-5.135,-5.815,-6.815,-6.555,-6.135,-5.345,-4.885,-3.715,-3.135,-2.005,-1.775,-1.585,-1.595,-0.605,0.245,0.895,2.085,1.895,-0.185,-0.845,-0.265,0.665,-1.735,-4.365,-8.395,-9.975,-10.015,-8.835,-5.265,-2.535,0.235,-5.135,-1.195,-2.265,-3.265,-1.165,-0.915,1.885,0.605,0.515,4.995,2.575,1.595,-0.585,-2.695,6.045,0.005,-0.185,-0.405,6.205,-0.475,-0.225,-0.635,-4.325
-4.765,-5.065,-5.505,-5.425,-4.735,-4.855,-5.025,-5.455,-6.275,-6.685,-6.635,-6.345,-6.775,-6.345,-4.905,-4.545,-5.065,-5.985,-5.665,-6.775,-7.725,-7.865,-6.375,-5.885,-6.155,-4.885,-3.875,-2.485,-3.125,-2.395,-1.925,-0.935,-0.315,0.625,1.115,1.655,3.105,0.475,-2.095,2.015,-0.205,-4.025,-9.635,-9.605,-11.115,-10.535,-8.585,-6.455,-3.185,-2.865,-6.225,-5.795,-3.805,-2.685,-2.155,0.115,1.945,0.965,1.345,5.505,0.755,2.225,5.425,-1.665,-2.515,-1.695,0.285,1.165,6.665,0.005,-0.765,-0.755,-5.035
-3.815,-4.055,-4.195,-4.235,-4.135,-4.465,-4.265,-3.855,-5.445,-6.245,-6.115,-5.255,-5.825,-5.225,-4.495,-5.105,-6.955,-6.525,-6.375,-7.785,-7.365,-7.355,-6.495,-6.385,-6.315,-3.255,-4.395,-4.315,-4.145,-2.805,-1.575,-0.765,0.255,0.625,1.495,1.185,2.045,0.005,-2.375,1.295,-2.385,-5.825,-9.265,-9.345,-9.175,-9.155,-7.765,-5.965,-4.655,-7.995,-6.735,-5.925,-4.535,-3.955,-2.625,-0.585,1.445,2.355,3.465,5.965,-1.365,1.415,-2.375,-1.495,-0.265,-3.435,-0.655,0.265,-0.415,-1.685,2.345,-3.885,-3.055
-3.065,-2.615,-2.625,-2.965,-3.125,-3.115,-2.365,-3.805,-4.675,-5.655,-6.205,-4.985,-5.065,-5.125,-5.165,-6.625,-7.685,-7.535,-5.675,-6.865,-6.825,-6.585,-6.235,-6.285,-5.165,-3.685,-5.355,-4.625,-3.515,-2.685,-1.165,-0.545,-0.305,0.615,1.645,1.925,0.865,-1.275,-3.005,-2.635,-3.865,-6.655,-7.805,-7.925,-7.355,-5.465,-7.765,-8.965,-9.355,-8.465,-7.445,-6.365,-5.295,-3.935,-3.255,-2.325,0.715,2.905,5.765,2.355,0.465,-1.515,-2.435,1.145,-4.685,1.305,0.515,-1.315,0.385,0.545,1.345,-2.095,-3.895
-2.405,-4.105,-3.055,-2.705,-2.575,-2.015,-1.465,-3.125,-5.125,-4.775,-4.945,-5.525,-5.195,-4.745,-5.745,-7.025,-7.505,-6.815,-6.795,-5.865,-6.365,-5.965,-6.655,-6.765,-4.185,-5.695,-5.175,-4.315,-3.615,-2.745,-2.095,-0.445,-0.675,0.015,1.585,2.355,0.915,-1.485,-2.385,-3.225,-2.885,-3.585,-2.665,-3.915,-8.995,-8.635,-9.545,-10.055,-9.835,-8.685,-7.635,-6.955,-6.085,-4.475,-4.055,-3.485,-1.855,0.125,-1.465,1.085,3.005,-1.225,-0.025,-0.675,0.385,3.635,2.405,-0.235,-0.355,-1.925,-2.155,-3.905,-5.455
-1.525,-2.315,-1.875,-1.825,-1.855,-2.785,-2.735,-3.985,-4.065,-4.165,-4.445,-4.495,-4.985,-4.805,-5.155,-6.395,-5.805,-6.125,-5.805,-5.715,-7.185,-6.815,-7.165,-5.945,-5.805,-5.355,-4.365,-4.145,-3.785,-3.335,-2.115,-1.815,-1.185,-0.555,1.055,2.325,0.025,-1.605,-3.855,-2.355,-2.145,-2.285,1.585,-1.295,-7.665,-9.275,-9.025,-10.085,-9.085,-9.185,-7.555,-7.125,-6.275,-4.965,-3.445,-2.245,-4.095,-3.075,-1.715,-1.065,-2.655,0.025,1.655,1.615,2.015,2.635,3.605,-1.515,-1.385,-1.615,-3.645,-5.635,-6.705
-0.135,-0.265,-0.585,-0.285,-0.835,-0.725,-0.115,-1.795,-2.415,-3.135,-3.275,-3.585,-4.075,-4.265,-4.485,-5.425,-5.405,-6.145,-5.845,-6.915,-6.855,-7.305,-6.495,-6.025,-5.645,-5.375,-4.155,-4.625,-4.095,-3.615,-2.835,-2.805,-1.865,-3.005,-0.965,-3.565,-2.655,-2.175,-4.375,-1.505,1.135,-3.145,-1.945,-7.945,-6.705,-7.705,-9.335,-9.275,-9.625,-8.695,-7.505,-7.365,-6.225,-5.225,-3.705,-2.635,-1.885,-1.905,-4.075,-2.265,-0.795,0.095,1.685,6.395,4.345,8.595,2.245,0.165,-2.135,-3.415,-4.435,-5.855,-6.325
1.885,1.105,1.725,1.615,0.945,0.495,2.015,2.605,-0.615,-2.095,-2.145,-1.955,-3.125,-3.565,-3.405,-4.075,-4.715,-4.785,-4.655,-5.925,-7.435,-6.255,-5.245,-6.795,-5.775,-4.875,-4.755,-4.995,-4.355,-3.825,-4.275,-4.325,-2.775,-4.335,-7.365,-10.265,-7.545,-5.205,-5.105,-2.605,3.645,-5.275,-6.635,-7.925,-8.715,-8.455,-9.145,-9.295,-9.085,-8.135,-7.285,-6.485,-5.675,-4.955,-4.165,-3.225,-1.395,-0.905,-0.335,-2.405,0.165,2.875,5.355,4.085,5.255,6.925,-0.265,-0.125,-3.275,-3.705,-4.985,-5.015,-6.105
4.145,3.955,3.615,3.895,2.825,2.595,2.385,2.525,1.525,-0.585,-1.115,-1.605,-1.175,-2.315,-2.535,-2.845,-4.215,-4.925,-5.295,-5.835,-6.865,-5.705,-4.535,-5.355,-4.975,-4.985,-4.585,-4.965,-5.185,-4.315,-5.225,-5.745,-4.525,-5.635,-9.185,-10.355,-10.755,-10.195,-8.695,-5.165,-4.145,-6.885,-7.465,-8.675,-8.825,-9.105,-9.525,-9.255,-9.015,-8.175,-6.945,-6.225,-5.835,-5.325,-4.235,-2.655,-1.155,-0.835,1.015,1.995,0.665,3.305,3.575,5.185,5.825,7.195,0.925,-0.905,-0.735,-4.725,-2.805,-4.235,-5.065
-1.755,4.515,5.115,5.215,4.465,4.385,3.805,3.915,2.545,1.705,0.465,-0.305,-0.635,-0.785,-0.755,-0.835,-0.945,-3.005,-4.335,-6.525,-6.495,-5.935,-4.805,-5.295,-5.755,-4.825,-4.875,-5.345,-5.605,-5.295,-6.155,-6.145,-5.815,-7.475,-9.385,-10.835,-10.795,-10.195,-9.555,-7.155,-4.665,-3.405,-8.695,-9.225,-9.155,-9.275,-9.415,-9.325,-8.635,-7.405,-6.515,-6.225,-4.795,-4.615,-3.485,-3.265,-0.495,0.525,2.065,4.055,1.315,5.815,5.235,2.835,3.645,9.495,11.385,-0.575,-2.305,-3.775,-2.735,-5.035,-5.185
-0.245,-1.195,0.325,7.195,6.335,6.165,5.795,5.575,4.605,3.735,2.815,1.925,1.825,0.785,-0.205,0.095,-0.435,-2.665,-3.005,-4.995,-5.485,-5.555,-4.655,-4.755,-5.425,-5.655,-5.325,-5.865,-5.855,-6.365,-6.925,-7.225,-7.755,-8.355,-9.885,-10.615,-11.155,-10.195,-8.485,-6.095,-3.395,-8.135,-9.495,-9.035,-9.585,-9.415,-9.485,-8.935,-7.475,-7.015,-6.565,-5.735,-4.945,-3.035,-2.675,-1.595,-2.045,2.745,4.885,4.915,5.435,4.385,6.925,5.275,5.145,8.965,13.155,0.025,-2.465,-3.375,-6.215,-6.495,-7.365
1.675,1.355,1.635,1.105,1.465,8.725,7.035,6.955,6.595,5.725,4.615,3.365,3.125,2.855,1.345,0.085,-0.395,-2.505,-2.875,-4.505,-5.265,-4.825,-3.855,-3.555,-5.385,-5.455,-5.115,-6.275,-6.325,-6.875,-7.595,-8.215,-7.685,-9.005,-9.925,-10.555,-11.375,-10.615,-9.355,-7.985,-5.785,-3.385,-9.255,-9.625,-9.495,-9.455,-9.425,-7.795,-7.375,-7.055,-5.905,-5.235,-3.755,-2.145,-2.205,-1.375,-0.445,0.345,6.445,4.645,2.215,4.835,6.395,4.355,6.285,10.165,12.395,1.535,-1.965,-3.525,-5.845,-5.435,-8.805
2.085,2.415,3.355,3.365,4.585,2.005,1.845,9.155,7.905,7.075,5.605,4.595,4.375,3.385,1.955,0.015,1.125,-0.525,-2.615,-2.885,-3.155,-3.645,-4.055,-3.545,-4.665,-5.615,-5.375,-6.145,-6.685,-7.355,-7.955,-8.605,-8.025,-8.395,-9.545,-10.335,-10.815,-10.665,-10.115,-9.175,-7.125,-4.115,-7.875,-9.445,-9.315,-8.995,-8.525,-7.905,-7.525,-6.465,-5.665,-3.765,-2.715,-2.215,0.975,-0.535,0.435,2.225,2.245,6.625,4.595,5.385,5.835,5.445,5.875,11.035,12.405,3.745,-0.165,-2.525,-3.605,-4.335,-8.115
1.575,-0.105,3.415,4.965,5.205,5.745,6.215,4.475,7.495,9.205,7.285,5.555,5.025,3.335,1.155,1.115,1.725,0.835,-1.635,-3.605,-3.485,-3.975,-4.505,-3.435,-3.675,-4.995,-5.265,-6.245,-6.545,-7.215,-8.415,-8.255,-8.175,-8.195,-9.235,-9.905,-10.595,-10.445,-10.445,-8.935,-6.555,-2.855,-4.665,-8.575,-8.085,-8.385,-8.155,-7.825,-6.875,-5.955,-5.505,-4.445,-2.405,-1.775,-1.575,1.735,0.715,3.105,1.805,5.535,0.565,6.905,-1.435,5.015,8.425,12.415,9.215,8.215,-0.885,-2.635,-3.535,-6.705,-7.325
1.785,2.575,3.935,4.445,4.175,6.745,6.535,7.595,6.115,6.325,9.455,7.195,5.275,3.225,2.135,1.465,2.105,0.585,-0.115,-1.395,-3.245,-3.655,-3.115,-2.285,-2.185,-3.935,-4.905,-5.435,-5.985,-6.925,-7.695,-8.425,-8.525,-8.345,-8.895,-9.585,-10.115,-10.175,-9.985,-8.915,-7.035,-5.535,-0.675,-7.245,-6.745,-6.905,-7.245,-6.345,-5.655,-5.115,-4.635,-4.345,-3.785,-3.585,-1.515,-1.615,-1.415,-0.315,1.105,1.915,6.225,-1.875,-0.275,5.115,8.535,7.445,0.765,3.705,-2.085,-1.355,-3.195,-5.515,-6.765
3.335,4.525,4.525,5.765,6.995,6.635,5.485,8.215,7.785,7.615,8.125,9.215,7.835,4.375,3.105,2.165,2.545,1.625,0.675,0.585,-1.845,-1.005,-1.475,-0.425,-1.615,-1.975,-3.535,-4.345,-5.435,-6.285,-7.195,-7.795,-7.765,-7.985,-7.835,-8.765,-9.555,-9.385,-9.125,-8.945,-8.325,-5.865,-0.855,-4.685,-6.115,-6.125,-6.325,-5.445,-4.385,-3.505,-3.455,-4.595,-3.675,-2.235,-1.555,-1.385,-2.035,-1.175,-0.615,-0.615,-1.545,-4.085,-1.885,-2.535,1.235,-9.895,-3.655,-6.885,-1.045,-1.935,-3.015,-1.895,-3.925
5.055,5.395,5.575,6.595,7.145,8.775,5.795,4.885,5.705,7.765,7.225,7.955,9.435,6.545,4.255,3.415,3.235,2.825,2.945,1.235,-0.335,-1.125,-1.275,0.405,-0.285,0.715,-1.695,-3.075,-4.505,-5.315,-6.165,-6.725,-7.555,-7.145,-7.485,-8.065,-8.555,-8.835,-8.285,-8.255,-7.905,-3.615,3.075,-3.985,-5.765,-5.685,-5.365,-5.115,-3.935,-3.005,-4.235,-4.805,-3.095,-2.465,-3.155,-2.885,-3.215,-2.685,-3.205,-4.195,-3.875,-7.395,-3.985,-1.005,-1.075,-4.225,-9.115,-6.075,-6.565,-4.415,-3.175,-0.935,0.245
7.625,7.735,7.575,7.235,7.565,7.235,6.715,9.815,7.515,6.945,8.385,8.035,8.415,9.965,5.565,4.295,3.745,3.055,1.815,0.775,1.035,-0.315,-0.445,1.095,-0.115,0.195,-0.525,-2.415,-3.345,-3.715,-4.745,-5.535,-6.185,-6.335,-6.985,-6.875,-8.025,-8.515,-8.385,-7.565,-7.035,-2.485,3.475,-2.745,-5.325,-6.235,-6.725,-6.105,-5.265,-4.255,-3.265,-3.345,-2.685,-3.085,-3.805,-3.745,-2.995,-4.785,-5.645,-5.805,-5.775,-8.745,-6.635,-2.215,-7.765,-7.315,-8.005,-4.215,-6.885,-6.375,-2.885,-1.125,1.445
7.845,8.575,9.155,8.825,8.505,8.575,8.395,7.905,7.845,8.795,8.505,8.895,9.705,10.335,8.325,5.705,3.875,3.255,1.745,1.605,1.255,0.545,0.025,1.715,0.245,0.445,0.575,-0.655,-2.365,-2.985,-3.505,-3.975,-4.915,-5.725,-6.065,-6.445,-7.355,-7.505,-7.725,-7.945,-7.825,-7.415,-7.555,-11.365,-7.455,-6.945,-6.235,-5.035,-3.995,-3.465,-2.545,-1.995,-2.675,-2.355,-4.815,-3.565,-4.285,-4.525,-6.405,-6.615,-6.725,-8.015,-8.435,-6.765,-7.525,-9.935,-5.175,-3.955,-3.035,-3.795,-4.455,-2.495,-0.245
9.175,9.965,9.735,9.155,9.655,9.975,9.575,8.975,9.055,10.255,10.765,9.235,10.405,9.225,8.805,6.815,4.615,4.155,2.295,1.405,1.755,0.975,0.715,1.235,1.055,0.445,1.155,0.415,-0.775,-2.365,-2.575,-2.555,-3.755,-4.515,-5.005,-5.635,-6.005,-6.435,-6.535,-6.745,-6.515,-7.185,-7.235,-7.285,-6.975,-5.735,-4.575,-3.405,-2.855,-2.345,-1.735,-1.705,-1.655,-2.045,-3.025,-4.095,-3.755,-3.195,-5.285,-6.525,-6.545,-8.095,-8.185,-9.805,-7.475,-9.085,-5.145,-4.065,-4.745,-4.275,-2.545,-3.535,-1.585
8.975,9.275,10.245,9.175,7.865,8.725,8.935,10.125,9.095,8.785,8.825,9.745,10.685,9.235,9.805,6.815,1.885,4.195,2.565,2.025,1.655,1.445,1.095,2.505,1.755,2.255,0.185,1.055,-1.045,-1.895,-1.805,-1.525,-2.375,-2.985,-3.995,-4.485,-4.915,-4.925,-5.085,-5.315,-5.315,-5.185,-5.245,-4.875,-4.235,-3.585,-2.395,-1.385,-0.675,-0.875,-0.855,-0.685,-0.155,-1.115,-0.675,-2.785,-2.835,-2.665,-4.045,-4.775,-5.735,-7.045,-7.675,-9.975,-9.615,-9.825,-6.585,-4.165,-3.145,-1.515,-2.715,-1.695,0.475
8.515,8.275,10.345,8.605,7.685,8.275,9.205,9.785,9.355,8.965,9.225,9.515,10.365,9.115,8.205,8.595,1.705,1.585,2.835,3.225,2.545,1.475,2.175,2.405,1.975,2.585,1.385,1.035,0.085,-0.745,-1.045,-0.955,-1.905,-1.435,-2.335,-2.905,-3.245,-3.305,-3.575,-3.335,-3.305,-3.175,-3.005,-2.585,-2.095,-1.165,-0.175,0.595,1.325,1.195,1.215,1.225,1.165,1.475,0.255,0.715,-1.665,-1.675,-2.665,-3.085,-4.095,-4.915,-5.565,-7.155,-6.575,-7.785,-8.005,-7.705,-2.585,-2.725,-1.835,-3.305,3.025
6.155,7.775,8.685,8.655,8.975,8.845,8.605,9.015,9.915,9.915,9.535,9.035,8.525,6.965,7.435,7.535,6.885,6.165,3.425,4.155,2.725,2.125,2.435,2.765,2.705,2.625,2.955,1.995,0.815,0.625,0.785,-0.115,-0.275,-0.195,-0.465,-0.655,-1.065,-1.545,-1.395,-1.115,-0.835,-0.675,-0.575,-0.025,0.685,0.975,1.995,3.035,3.325,3.265,3.465,3.075,2.635,2.655,2.405,1.625,1.915,0.725,-1.215,-1.335,-1.885,-2.565,-2.975,-4.235,-3.465,-4.655,-5.815,-5.265,-5.535,-4.885,-7.575,-8.465,-8.885
8.055,8.275,7.135,7.175,9.475,9.345,9.325,8.945,8.655,6.795,8.365,7.535,7.925,6.675,5.585,6.745,5.615,9.545,6.015,4.495,2.835,2.655,2.925,2.985,3.115,3.385,3.395,2.705,1.475,1.065,1.765,1.525,0.695,0.595,0.235,0.415,0.535,0.265,0.655,1.635,1.985,2.365,2.795,3.085,3.785,4.205,4.325,5.075,5.545,5.585,5.415,5.265,5.105,4.495,3.575,3.715,2.535,3.645,2.785,1.975,0.765,-0.115,-0.425,-1.105,-0.535,-1.105,-2.345,-3.145,-5.385,-5.595,-6.245,-4.175,-8.465
8.015,9.185,8.095,8.295,8.295,8.785,8.395,9.505,8.385,7.825,8.195,8.235,6.875,6.595,4.585,7.825,4.815,-1.895,9.145,4.815,2.925,3.015,3.465,2.895,3.425,3.675,3.425,3.785,2.965,2.285,2.465,2.195,1.785,2.405,1.425,2.095,2.415,1.775,2.645,3.585,4.415,4.435,4.605,5.105,6.035,5.755,5.945,6.225,6.105,6.185,6.135,5.935,5.565,6.045,6.045,4.825,4.625,4.205,4.455,5.325,4.695,4.175,3.655,2.445,2.525,2.625,1.635,0.265,-1.705,-1.875,-2.605,-1.925,0.975
