json/gfs.json
{"header": {"lo1": 0.0, "lo2": 359.0, "la1": 90.0, "la2": -90.0, "nx": 360, "ny": 181, "dx": 1.0, "dy": 1.0, "parameterCategory": 2, "parameterNumber": 2, "refTime": "2023-12-10T06:00:00.000Z", "forecastTime": 0}, "data":
[rows 0 to 32 of 181, columns 73 to 145 of 360]
-2.375,-2.395,-2.425,-2.445,-2.465,-2.495,-2.515,-2.535,-2.555,-2.575,-2.595,-2.615,-2.625,-2.645,-2.665,-2.675,-2.685,-2.705,-2.715,-2.725,-2.735,-2.745,-2.755,-2.765,-2.775,-2.775,-2.785,-2.785,-2.795,-2.795,-2.795,-2.795,-2.795,-2.795,-2.795,-2.795,-2.795,-2.785,-2.785,-2.775,-2.775,-2.765,-2.755,-2.745,-2.735,-2.725,-2.715,-2.705,-2.695,-2.675,-2.665,-2.645,-2.635,-2.615,-2.595,-2.575,-2.555,-2.535,-2.515,-2.495,-2.475,-2.455,-2.425,-2.405,-2.375,-2.345,-2.325,-2.295,-2.265,-2.235,-2.205,-2.175,-2.145
-2.885,-2.915,-2.935,-2.965,-2.965,-2.965,-2.965,-2.955,-2.955,-2.955,-2.955,-2.955,-2.945,-2.945,-2.935,-2.925,-2.915,-2.915,-2.905,-2.895,-2.875,-2.865,-2.855,-2.835,-2.825,-2.815,-2.795,-2.775,-2.755,-2.735,-2.715,-2.695,-2.665,-2.645,-2.605,-2.565,-2.515,-2.475,-2.425,-2.365,-2.315,-2.255,-2.235,-2.265,-2.295,-2.325,-2.355,-2.385,-2.435,-2.465,-2.495,-2.515,-2.545,-2.555,-2.575,-2.585,-2.595,-2.595,-2.595,-2.595,-2.585,-2.575,-2.565,-2.535,-2.485,-2.455,-2.415,-2.365,-2.325,-2.285,-2.245,-2.215,-2.185
-3.085,-3.025,-2.965,-2.905,-2.855,-2.795,-2.735,-2.665,-2.595,-2.525,-2.455,-2.385,-2.315,-2.235,-2.165,-2.105,-2.045,-2.045,-2.085,-2.125,-2.155,-2.185,-2.205,-2.235,-2.275,-2.285,-2.295,-2.295,-2.295,-2.285,-2.275,-2.275,-2.255,-2.255,-2.245,-2.225,-2.215,-2.215,-2.205,-2.195,-2.185,-2.175,-2.165,-2.155,-2.155,-2.145,-2.135,-2.135,-2.125,-2.115,-2.105,-2.085,-2.065,-2.025,-1.995,-1.965,-1.925,-1.885,-1.845,-1.835,-1.815,-1.795,-1.765,-1.745,-1.745,-1.735,-1.735,-1.735,-1.725,-1.715,-1.735,-1.755,-1.735
-0.215,-0.145,-0.095,-0.075,-0.025,0.015,0.045,0.075,0.105,0.115,0.125,0.135,0.175,0.205,0.245,0.285,0.315,0.325,0.325,0.285,0.225,0.165,0.115,0.055,0.015,-0.015,-0.035,-0.065,-0.115,-0.175,-0.255,-0.315,-0.315,-0.315,-0.325,-0.305,-0.265,-0.245,-0.245,-0.285,-0.345,-0.395,-0.445,-0.525,-0.605,-0.655,-0.705,-0.755,-0.785,-0.795,-0.785,-0.765,-0.735,-0.655,-0.585,-0.485,-0.365,-0.275,-0.215,-0.185,-0.175,-0.155,-0.105,-0.035,0.045,0.085,0.095,0.085,0.005,-0.065,-0.105,-0.045,0.055
1.675,1.795,1.915,2.025,2.135,2.245,2.355,2.485,2.615,2.755,2.905,3.065,3.205,3.315,3.415,3.495,3.625,3.775,3.835,3.865,3.885,3.875,3.865,3.865,3.865,3.865,3.855,3.815,3.775,3.765,3.765,3.755,3.765,3.815,3.885,3.895,3.815,3.705,3.615,3.565,3.545,3.525,3.465,3.435,3.415,3.375,3.285,3.045,2.605,1.965,1.345,0.825,0.505,0.425,0.385,0.385,0.355,0.285,0.215,0.165,0.135,0.115,0.115,0.165,0.165,0.125,0.095,0.055,0.005,0.005,0.095,0.205,0.325
0.555,0.575,0.585,0.595,0.675,0.795,0.955,1.135,1.305,1.385,1.605,1.975,2.605,3.355,3.765,3.455,3.605,3.975,4.385,4.475,4.355,4.305,4.235,4.195,4.275,4.535,4.875,5.115,5.335,5.515,5.655,5.715,5.705,5.645,5.555,5.475,5.425,5.445,5.575,5.695,5.705,5.665,5.595,5.515,5.425,5.315,5.195,5.085,5.005,4.985,4.925,4.625,4.115,3.415,2.765,2.215,1.835,1.595,1.375,1.265,1.245,1.355,1.495,1.555,1.565,1.545,1.315,1.155,1.135,1.175,1.185,1.075,0.955
3.165,3.435,3.675,3.915,4.155,4.295,4.485,4.545,4.445,4.165,3.595,2.985,2.505,2.235,2.185,2.315,2.455,2.595,2.735,2.865,2.905,2.885,2.775,2.735,2.845,3.115,3.495,3.965,4.465,4.945,5.335,5.705,6.055,6.295,6.515,6.725,6.895,7.085,7.175,7.145,7.035,6.925,6.845,6.765,6.675,6.585,6.475,6.385,6.295,6.165,5.935,5.615,5.175,4.775,4.415,4.085,3.765,3.345,2.885,2.615,2.425,2.345,2.475,2.615,2.595,2.495,2.435,2.345,2.225,2.075,1.925,1.845,1.875
4.375,4.445,4.475,4.485,4.475,4.575,4.745,4.945,5.205,5.495,5.695,5.865,6.045,6.325,6.515,6.555,6.435,6.325,6.195,5.805,5.265,4.835,4.515,4.295,4.125,4.025,4.105,4.115,4.145,4.315,4.685,5.135,5.525,5.735,5.905,6.165,6.395,6.715,7.035,7.305,7.565,7.825,8.085,8.305,8.415,8.475,8.445,8.305,8.165,8.135,8.095,8.005,7.845,7.625,7.295,7.025,6.875,6.765,6.625,6.385,6.095,5.715,5.445,5.285,5.145,5.025,5.025,4.955,4.735,4.415,4.315,3.945,3.495
4.025,4.145,4.265,4.395,4.445,4.535,4.585,4.595,4.545,4.605,4.765,4.965,5.125,5.205,5.485,6.005,6.385,6.555,6.475,6.415,6.465,6.505,6.535,6.485,6.555,6.625,6.265,5.685,5.175,4.645,4.715,5.205,5.335,5.345,5.425,5.585,5.855,6.155,6.445,6.715,7.045,7.375,7.635,7.835,7.975,8.045,8.195,8.365,8.585,8.885,9.155,9.395,9.555,9.705,9.755,9.885,9.945,9.835,9.655,9.505,9.375,9.215,9.045,8.905,8.765,8.625,8.445,8.225,7.965,7.715,7.455,7.055,6.565
5.465,5.515,5.405,5.255,5.075,4.945,4.895,4.885,4.905,4.935,4.885,4.795,4.705,4.755,4.825,4.895,4.965,4.805,4.495,3.405,4.055,6.465,7.695,8.775,9.335,4.405,1.955,3.355,4.405,4.845,5.005,5.045,5.105,5.015,5.155,5.515,5.755,5.655,5.425,5.325,5.435,5.725,6.005,6.235,6.395,6.495,6.645,6.865,7.045,7.305,7.595,7.775,7.945,8.085,8.115,8.195,8.315,8.485,8.645,8.845,8.915,8.865,8.915,8.865,8.625,8.515,8.495,8.345,8.165,8.005,7.745,7.565,7.305
5.895,6.095,6.195,6.335,6.375,6.465,6.475,6.365,6.165,6.055,5.955,5.715,5.475,5.065,4.695,4.435,4.175,4.035,3.675,2.325,0.205,1.425,2.165,0.685,3.435,5.555,6.905,3.855,0.015,3.045,4.625,5.035,4.245,3.335,2.765,2.675,3.085,3.415,3.635,3.685,3.635,3.775,3.915,4.035,4.155,4.235,4.315,4.445,4.585,4.635,4.665,4.885,4.975,5.165,5.485,5.515,5.565,5.805,5.825,5.945,6.265,6.475,6.565,6.745,6.945,7.095,7.395,7.635,7.795,7.915,7.805,7.535,7.285
5.185,5.525,5.625,5.665,5.795,5.745,5.715,5.635,5.645,5.825,5.955,5.975,5.955,5.865,5.305,4.835,4.615,4.655,4.895,5.045,4.435,1.635,-1.185,-0.935,-0.575,-0.825,5.315,3.395,-0.635,2.685,2.475,2.875,1.085,-0.005,0.235,0.655,1.265,1.595,1.675,2.055,2.705,2.835,2.575,2.695,3.035,3.235,3.355,3.315,3.345,3.425,3.535,3.635,3.665,3.795,3.975,3.975,3.895,3.875,4.045,4.365,4.405,4.285,4.415,4.705,4.725,4.495,4.605,4.865,4.845,4.905,5.235,5.445,5.655
4.145,3.885,4.235,4.485,4.255,4.265,4.375,4.405,4.185,4.365,4.725,4.965,5.075,5.315,5.265,5.065,4.655,4.605,4.805,4.935,4.955,5.065,4.995,4.235,3.565,2.775,2.145,2.805,3.865,4.775,5.755,6.985,7.995,7.895,6.165,3.865,3.015,2.735,2.725,2.825,3.065,2.985,2.825,2.745,2.755,2.735,2.785,2.785,2.935,2.865,2.835,2.925,2.945,2.765,2.895,2.835,2.835,2.715,3.035,3.075,3.065,3.185,3.195,3.285,3.225,3.355,3.635,3.775,3.785,3.705,3.755,3.835,3.925
4.735,4.665,4.335,4.345,4.455,4.655,4.975,5.125,5.125,5.025,4.705,4.815,4.925,4.955,4.765,4.345,4.285,4.415,4.475,5.055,5.535,5.435,5.275,5.585,5.585,5.305,5.085,3.035,1.745,2.055,2.945,2.935,3.845,5.365,4.635,3.625,4.445,4.575,4.315,4.025,3.615,3.295,2.865,2.945,2.845,2.655,2.655,2.845,2.735,2.465,2.545,2.475,2.255,2.135,2.015,1.735,1.745,2.105,2.145,2.585,2.775,2.825,2.935,2.815,3.025,3.135,3.255,3.325,3.305,3.405,3.435,3.385,3.325
4.595,4.745,5.105,5.335,5.565,5.315,5.345,5.285,5.285,5.305,5.025,4.935,4.985,4.615,4.145,3.935,3.995,4.185,4.765,5.555,5.765,4.295,3.925,2.205,1.835,1.535,1.885,1.355,1.535,1.595,1.125,1.215,1.855,2.065,1.655,1.395,1.285,2.505,2.915,1.355,0.485,1.525,2.635,3.305,2.985,2.895,2.935,2.815,2.605,2.365,1.555,1.335,1.545,1.605,1.705,1.795,1.895,1.895,1.915,1.885,1.805,1.735,1.955,1.935,1.745,1.085,1.745,2.325,2.425,1.905,2.315,2.225,2.065
4.215,4.495,5.385,5.745,5.405,5.235,5.215,5.115,4.985,4.935,4.915,4.875,4.355,3.825,3.185,2.215,1.905,0.565,1.495,2.175,1.825,4.105,2.635,3.855,5.065,4.295,2.855,0.925,0.255,1.675,2.635,2.655,1.665,-0.055,0.465,1.555,1.045,-0.375,0.325,0.855,1.935,2.315,2.295,2.375,2.055,1.145,1.715,1.955,1.935,1.165,1.155,1.335,1.495,1.645,1.735,1.875,1.935,1.985,1.985,1.975,1.965,1.815,1.775,1.525,0.845,-0.065,1.225,1.155,1.705,1.855,1.885,2.095,2.095
3.965,3.925,3.895,4.925,5.135,4.275,2.515,2.855,4.555,5.225,4.595,4.025,4.065,3.165,1.155,0.535,1.195,1.245,1.395,0.715,1.065,1.085,1.085,2.515,1.565,1.485,2.195,1.665,1.685,1.465,2.205,1.585,2.965,1.295,1.225,1.685,2.535,2.975,1.815,2.225,2.485,2.505,2.685,3.075,3.345,3.575,3.805,3.885,3.845,3.635,3.235,2.845,2.575,2.335,2.165,1.915,1.575,1.435,1.285,1.085,0.855,0.775,0.755,0.825,0.825,1.125,1.285,1.095,1.265,0.825,1.155,0.955,0.865
4.395,3.895,3.725,3.445,3.045,2.125,1.435,-0.005,-1.165,0.915,2.145,1.085,1.215,1.705,1.255,1.485,1.245,1.895,2.305,3.375,3.925,3.515,3.235,4.535,4.525,4.485,3.405,2.315,3.045,2.505,4.605,4.435,4.455,5.165,6.085,6.415,5.565,5.015,4.415,4.075,3.725,2.945,2.635,2.775,3.145,3.345,2.875,2.155,2.615,2.405,3.335,3.215,3.315,3.165,2.825,2.605,2.645,2.285,0.875,0.535,0.285,0.265,0.135,0.175,0.265,0.205,0.065,-0.005,-0.375,-0.195,-0.285,-0.385,-0.055
3.335,3.705,3.465,2.925,3.595,2.535,2.575,2.635,2.095,2.015,1.835,3.455,2.365,3.295,3.485,3.925,4.195,4.275,5.635,6.545,6.345,6.655,6.765,6.465,7.195,7.245,6.375,5.765,5.785,5.285,5.155,5.185,5.185,6.715,6.025,6.315,6.055,3.775,3.695,4.035,4.165,4.215,3.895,3.665,3.355,3.315,2.865,2.125,1.685,1.455,1.605,-0.375,0.805,1.575,0.675,1.445,2.275,3.495,2.565,1.165,0.405,0.505,0.105,0.085,0.945,1.555,1.075,-0.445,0.925,0.855,0.515,0.575,0.515
3.105,3.155,3.085,2.805,2.755,2.925,2.655,2.495,2.365,2.305,1.965,3.165,2.935,2.505,3.355,3.635,4.445,5.435,7.305,8.055,8.045,8.105,7.455,7.345,7.615,7.545,7.045,6.675,6.135,6.075,2.275,3.485,3.845,5.005,4.385,5.945,5.985,6.025,6.355,3.845,3.115,3.525,4.015,3.495,2.445,2.755,2.405,2.395,1.695,1.235,0.855,1.115,0.175,0.555,0.285,0.485,0.985,1.035,2.805,2.315,2.015,2.235,3.755,2.705,2.115,2.635,2.635,2.765,2.745,3.115,3.035,3.105,3.025
3.165,2.795,2.485,2.205,2.785,3.355,3.085,3.195,2.505,2.775,2.655,1.615,1.245,0.735,0.615,1.475,0.915,-0.065,1.535,2.015,1.535,1.565,1.755,0.915,1.525,1.895,2.705,2.585,2.775,2.825,2.565,1.635,0.925,1.795,1.385,0.975,1.735,1.985,1.365,2.055,3.235,3.135,2.895,2.835,3.015,2.445,1.365,1.175,1.655,2.035,1.335,1.435,-0.205,0.165,-0.675,-0.565,-1.275,1.085,0.795,0.195,0.415,0.135,0.895,0.845,1.305,0.985,-0.135,0.325,0.775,1.155,2.315,1.795,2.085
3.255,3.685,4.105,2.965,2.155,2.495,2.455,2.385,2.195,2.405,2.685,1.645,0.975,-0.445,0.205,0.785,-1.075,-1.245,-0.895,-0.985,1.155,0.255,-0.065,1.915,1.345,1.305,2.085,1.285,2.255,1.675,1.765,2.925,3.565,3.495,1.555,1.135,1.425,1.515,2.635,2.425,2.475,1.805,2.025,2.255,2.085,1.485,2.385,2.905,1.805,1.225,0.855,0.215,-0.845,-1.205,-1.005,-2.505,0.715,1.575,1.395,0.755,0.625,0.005,-0.715,0.175,0.345,0.685,0.425,0.795,0.105,1.215,0.925,0.975,0.345
2.635,4.795,1.725,2.085,2.005,1.585,2.025,2.235,1.905,2.125,1.925,1.155,1.435,0.955,-0.005,1.475,0.875,0.485,0.775,-0.035,-0.255,1.515,0.895,1.395,0.475,2.075,1.025,2.125,0.875,1.225,1.385,2.285,3.735,4.205,5.455,4.695,4.055,4.115,3.665,1.735,2.175,2.335,1.795,1.485,1.715,3.795,1.895,2.415,1.655,0.855,0.375,-0.355,-0.985,-0.565,-1.105,-2.005,0.675,0.805,0.975,0.655,0.545,0.035,0.455,0.545,0.335,0.415,0.045,-0.515,0.135,0.245,1.305,1.995,2.185
1.645,1.305,1.985,2.035,1.715,0.845,1.545,0.995,0.475,0.295,0.245,0.545,0.175,0.445,-0.605,-1.175,-0.705,-0.545,-0.295,-0.105,0.515,0.095,0.605,0.225,1.115,1.145,1.715,2.715,0.685,1.255,1.135,1.005,1.345,2.115,1.265,1.635,2.135,2.785,3.855,4.595,2.385,3.305,2.695,2.595,3.065,3.285,2.115,2.635,1.565,1.015,0.055,0.725,0.265,0.025,-0.935,-2.315,1.175,0.845,1.305,0.515,0.305,0.705,0.595,0.625,0.415,0.245,-0.645,-0.125,-0.255,0.655,0.595,-0.635,0.185
0.355,0.495,0.225,0.665,0.475,0.275,-0.265,-0.115,-0.125,-0.205,-0.185,-0.545,-0.885,-0.155,-0.325,-0.845,-0.705,0.575,0.385,0.125,-0.175,1.225,0.265,0.395,1.625,0.915,1.095,0.765,1.785,0.905,1.285,1.115,1.305,1.435,1.425,1.165,1.915,1.325,0.845,1.755,1.455,1.715,2.565,3.075,3.405,2.805,2.435,1.615,1.455,1.365,1.045,1.195,0.755,-0.475,-0.925,-2.135,-1.865,1.655,1.285,0.425,0.135,1.255,1.165,1.055,0.685,1.525,-0.985,-0.735,-1.065,-0.455,-0.205,0.545,1.275
-0.335,-1.085,-1.505,-1.315,-1.075,-1.425,-1.645,-1.405,-1.355,-1.215,-1.625,-0.835,-0.405,0.245,0.085,-0.515,-0.635,0.875,0.295,1.515,0.185,0.045,0.815,0.595,0.785,1.475,0.875,1.335,1.145,0.405,0.535,1.535,0.865,1.375,0.725,1.135,1.495,1.685,1.765,1.265,1.715,1.325,1.285,2.355,2.385,2.755,2.555,2.335,1.635,1.285,1.745,1.685,-0.425,-0.845,-0.845,-1.565,-1.705,-1.415,-0.265,0.905,0.735,1.045,1.075,1.105,1.265,1.055,0.765,0.645,-0.585,-1.145,0.035,-0.815,-0.805
-1.555,-2.575,-1.925,-1.935,-2.285,-1.705,-2.175,-2.685,-3.255,-1.415,-1.675,-1.865,-1.225,-1.015,-0.645,-1.345,-0.785,0.255,0.105,0.865,0.745,0.305,0.395,0.705,1.085,0.445,1.225,0.665,0.915,1.155,1.135,1.285,1.375,1.235,0.875,1.255,1.205,1.515,1.905,2.465,3.165,2.525,2.285,2.265,2.155,2.385,2.655,2.875,2.895,4.365,2.645,1.545,2.105,1.525,0.405,0.725,0.345,0.625,0.135,-0.025,-0.665,-0.485,-0.065,0.245,1.005,-0.345,-0.305,-0.535,-0.015,0.785,0.515,-1.815,0.665
-2.055,-2.835,-3.235,-3.295,-3.345,-2.935,-2.035,-1.655,-1.645,-0.915,-0.725,-1.005,-0.785,-0.685,-0.365,-1.205,-0.565,-0.085,0.235,0.545,0.685,0.665,0.735,0.565,1.135,1.155,0.505,0.745,0.595,1.075,0.915,0.865,0.985,0.895,0.945,1.115,2.225,2.895,2.455,2.065,2.445,2.705,2.685,3.185,3.025,2.955,3.695,3.755,4.045,7.205,4.685,4.545,6.255,3.405,2.765,2.295,2.665,1.145,1.275,1.615,2.025,2.245,1.985,1.675,1.535,1.395,-0.015,-1.555,0.615,0.685,0.985,1.145,-2.335
-3.105,-2.855,-3.025,-2.955,-1.875,-1.665,-2.095,-2.805,-2.635,-2.925,-3.375,-3.585,-1.475,-0.985,-1.375,-0.835,-0.485,-0.775,-0.515,-0.115,0.015,0.195,0.625,0.755,0.835,1.055,0.975,0.905,0.915,0.755,0.925,1.465,1.105,2.205,1.575,1.075,2.585,2.455,3.925,4.605,3.045,3.605,4.915,4.265,4.065,3.765,3.805,4.225,4.215,4.345,4.195,3.775,4.215,4.045,3.765,3.815,3.695,1.605,2.485,3.105,2.635,2.175,1.665,0.835,0.745,0.995,2.095,-1.375,-3.675,-1.795,-2.635,-0.205,-0.115
-1.745,-2.015,-1.705,-2.955,-2.985,-2.205,-2.465,-1.995,-1.875,-2.065,-2.055,-1.595,-2.515,-2.185,-1.945,-1.645,-1.325,-0.505,-0.715,-0.485,0.055,-0.205,0.415,0.535,0.355,1.085,0.895,1.745,1.095,0.985,1.755,2.565,2.675,2.445,2.555,2.185,3.485,3.155,3.625,3.275,3.605,3.815,3.895,4.825,4.425,4.595,4.205,4.265,3.335,4.115,4.055,4.255,4.365,4.045,4.175,4.205,4.325,3.445,3.205,2.965,2.995,2.555,1.795,1.165,1.865,0.455,1.685,1.415,-1.015,-1.875,-2.085,-2.035,-2.105
-1.105,-1.485,-1.795,-2.405,-2.175,-2.695,-2.665,-2.735,-2.425,-2.455,-2.575,-2.235,-1.955,-2.085,-2.365,-1.705,-1.575,-1.275,-0.675,-0.365,-0.105,0.115,0.165,0.575,0.565,0.395,0.685,0.835,0.995,1.305,1.205,1.975,2.455,2.755,2.775,2.365,2.765,3.125,2.635,1.735,2.705,4.205,2.765,3.065,2.785,4.325,4.345,3.755,3.575,4.065,4.295,3.945,4.175,4.125,4.205,4.445,4.165,4.365,4.065,4.105,3.445,3.215,2.605,2.015,2.565,2.795,2.955,2.605,-8.345,-9.015,-11.305,-12.675,-11.105
-0.995,-0.965,-2.115,-3.305,-2.795,-3.025,-2.615,-2.365,-3.775,-2.505,-2.185,-1.945,-1.775,-1.875,-1.755,-1.495,-1.235,-1.255,-1.455,-0.825,-0.725,-0.125,-0.005,0.615,0.315,1.095,1.195,1.025,0.055,0.065,0.825,1.445,2.025,2.445,1.965,2.245,1.845,1.715,1.235,1.995,-0.135,1.345,1.785,1.105,1.745,1.615,1.095,1.155,3.425,3.185,3.695,2.995,3.035,4.465,5.125,5.025,4.785,5.085,5.345,5.605,5.705,4.515,3.565,2.635,2.715,2.505,3.355,3.765,2.595,-13.505,-18.585,-18.935,-19.135
-0.505,-0.915,-3.165,-2.305,-2.135,-2.035,-1.825,-1.715,-1.555,-1.155,-1.535,-1.325,-1.425,-1.355,-1.235,-1.355,-1.095,-1.505,-1.815,-1.535,-1.245,-1.075,-0.305,0.175,0.885,0.735,0.455,0.705,0.905,0.815,0.615,0.775,0.965,1.625,1.285,0.735,1.265,1.885,0.525,0.095,0.135,0.245,0.665,0.775,1.385,0.475,1.255,0.845,2.115,1.835,4.485,2.395,1.995,5.605,2.345,0.835,2.675,1.155,1.815,3.655,4.845,5.105,5.625,4.895,3.905,3.095,5.085,6.535,10.135,-12.365,-10.755,-11.035,-10.305
